-6.766e-01,1.451e+00
-5.833e-01,-3.077e-01
4.805e-01,-2.052e+00
2.170e-01,-1.532e+00
-2.034e-01,1.612e+00
-1.279e+00,6.610e-01
-5.662e-01,-1.010e-01
-7.107e-01,1.090e+00
1.886e+00,-2.283e-01
-1.321e+00,5.063e-01
1.195e-01,-1.567e-02
-1.513e+00,3.947e-01
-1.763e+00,3.724e-01
-8.786e-02,-1.113e+00
-1.435e+00,4.676e-01
6.765e-01,-1.378e+00
1.401e+00,-5.283e-01
6.444e-02,5.047e-01
5.086e-01,7.246e-01
1.447e+00,-7.102e-01
1.939e-01,3.785e-01
9.979e-01,-1.339e+00
-8.912e-01,2.055e+00
1.618e-01,-4.363e-01
-3.100e-01,1.734e+00
-1.375e+00,7.418e-01
-3.062e-01,-1.308e+00
-6.662e-01,6.776e-01
-1.369e+00,2.719e-01
9.558e-01,-8.455e-01
-6.011e-01,4.474e-01
-8.037e-01,1.204e+00
-3.111e-02,1.464e+00
-1.169e+00,7.325e-01
1.540e+00,-7.366e-01
2.144e+00,-1.204e-01
-9.555e-01,1.173e+00
-1.387e+00,-5.400e-01
-1.885e+00,3.179e-01
-1.432e+00,5.988e-01
6.399e-01,-2.272e-01
7.308e-01,-1.668e+00
-1.631e+00,4.908e-01
1.826e+00,-4.975e-01
1.534e+00,-4.024e-01
-1.937e+00,-1.092e+00
-4.373e-01,4.685e-01
5.878e-01,1.531e+00
5.878e-01,-2.570e+00
4.975e-01,4.596e-01
3.263e-01,-1.085e+00
3.906e-01,5.079e-01
1.401e+00,-1.495e+00
-5.492e-01,-8.192e-01
-1.910e+00,1.300e+00
1.303e+00,-4.699e-01
-1.486e+00,4.399e-01
-2.768e-01,6.914e-01
1.170e+00,-9.237e-01
-1.592e+00,-2.588e-02
5.434e-01,9.455e-01
-5.115e-01,-1.136e+00
1.928e+00,4.360e-02
-1.762e+00,-7.658e-02
2.962e-01,-1.008e-01
1.158e+00,-9.713e-01
1.498e+00,-5.384e-01
-2.352e-01,-1.502e+00
-8.367e-01,1.495e+00
9.015e-02,-4.248e-02
-1.037e+00,7.190e-01
-1.181e+00,1.214e+00
5.413e-01,-1.541e+00
-1.326e+00,3.912e-01
4.032e-01,-1.541e+00
-8.433e-01,1.214e+00
-3.609e-01,-1.497e+00
2.477e-01,3.128e-01
-1.543e+00,6.383e-01
-5.427e-02,1.241e+00
-2.829e-01,1.686e+00
4.075e-01,-8.232e-01
-1.616e+00,1.339e-01
-1.724e+00,1.559e+00
5.368e-02,1.892e+00
4.448e-02,-2.456e-01
1.209e+00,-2.641e-01
-1.615e+00,1.084e+00
-9.423e-01,6.184e-02
-2.924e-01,1.571e+00
7.408e-01,-1.380e+00
-1.564e+00,9.033e-01
7.352e-01,-1.618e+00
5.812e-01,-3.129e-01
4.683e-01,3.593e-01
-4.552e-02,1.575e+00
-9.329e-02,8.227e-02
-1.284e+00,2.322e-01
-1.930e-01,-5.388e-01
1.604e+00,-1.140e+00
1.335e+00,-1.439e+00
-8.556e-01,-4.301e-01
-1.659e+00,3.854e-01
-8.943e-01,-5.981e-01
-2.155e-01,1.909e+00
-1.248e+00,1.293e+00
3.533e-01,1.461e-02
-4.585e-01,5.849e-01
2.021e+00,-7.175e-01
-1.550e+00,-7.198e-01
-1.112e+00,7.323e-01
8.638e-02,-6.972e-01
1.037e+00,-3.318e-01
7.430e-01,-4.019e-01
4.785e-01,-1.043e+00
1.250e-01,-4.596e-01
1.548e-01,7.507e-01
-4.015e-01,-6.890e-01
-2.438e-01,1.429e+00
-1.038e-02,-5.831e-01
-1.926e+00,9.345e-01
-1.472e-01,-1.348e+00
-2.106e-01,1.278e+00
1.733e+00,-1.508e-01
1.770e-01,6.097e-01
1.523e+00,-5.838e-01
-1.251e+00,5.306e-01
-2.445e-01,7.786e-01
1.696e+00,-1.040e+00
2.911e-01,-1.808e+00
1.578e-01,1.469e+00
-1.294e+00,9.533e-01
1.743e-01,-1.474e+00
1.406e+00,-2.509e-01
6.765e-01,3.493e-01
-1.412e+00,5.236e-01
-1.068e+00,4.870e-01
3.265e-01,-2.018e+00
5.646e-02,9.280e-01
-9.956e-01,9.292e-01
-1.550e+00,1.501e-01
-1.136e-01,-9.639e-01
-6.561e-01,2.243e-01
-1.693e+00,1.098e+00
-2.215e+00,5.563e-01
-8.655e-01,1.446e+00
-6.116e-01,1.699e+00
-3.708e-01,1.038e+00
3.764e-01,1.664e+00
-1.492e+00,-2.351e-02
5.601e-01,6.668e-01
5.546e-02,-2.074e+00
-1.664e+00,-1.054e+00
-1.072e+00,7.011e-01
1.482e+00,5.886e-01
-2.844e-01,-3.938e-01
3.757e-01,1.212e+00
1.191e+00,1.924e-01
-1.468e+00,1.533e+00
3.214e-01,-5.287e-02
3.639e-02,5.782e-01
-4.087e-01,-4.524e-01
9.846e-02,-4.044e-01
-1.725e-02,-9.888e-01
-8.370e-01,1.610e+00
-3.176e-03,6.283e-01
-2.931e-01,1.925e+00
1.933e-01,-1.100e+00
9.990e-01,-9.854e-01
5.291e-01,-1.629e+00
1.677e+00,-4.240e-01
2.804e-01,-5.830e-01
-6.976e-01,1.982e+00
8.206e-01,-1.576e-01
5.723e-01,-1.864e-01
-1.396e+00,-1.089e-01
4.537e-01,-5.660e-01
6.787e-02,-1.152e+00
-9.148e-01,1.582e+00
1.697e+00,-2.400e-01
-2.149e-01,-2.697e-01
-9.881e-01,7.791e-01
2.670e-01,9.562e-01
4.618e-01,-1.506e-01
4.291e-01,1.607e-01
-8.518e-01,9.022e-01
-1.223e+00,9.183e-01
2.209e-01,-1.807e-01
4.921e-01,5.027e-01
8.815e-01,-1.415e+00
-1.162e+00,1.477e+00
1.662e-01,-4.570e-01
-1.196e+00,9.550e-01
-3.873e-01,1.697e+00
-4.172e-01,-3.131e-01
1.675e+00,-6.225e-01
7.463e-01,2.849e-01
-1.983e+00,6.055e-01
-1.224e+00,3.194e-01
1.745e-01,-1.394e+00
-8.052e-01,1.777e+00
-1.071e+00,7.272e-01
1.602e+00,-6.220e-01
1.535e+00,-3.500e-02
1.161e+00,-1.846e+00
8.627e-01,-6.405e-01
3.668e-01,-1.430e+00
-1.045e+00,8.047e-01
-1.320e+00,1.054e+00
3.728e-02,-6.017e-02
1.776e+00,-1.187e+00
1.044e+00,-9.367e-01
7.430e-01,6.341e-01
-1.524e+00,-3.923e-01
-4.907e-01,1.477e+00
8.926e-01,-1.394e+00
-4.807e-02,1.825e+00
1.794e+00,-1.002e+00
1.478e+00,-4.013e-01
-1.413e+00,4.286e-01
-3.510e-01,-2.004e-01
5.460e-01,-4.593e-01
1.057e+00,-1.135e+00
2.833e-01,4.640e-01
-1.593e-01,1.539e+00
-2.679e-02,-6.072e-02
1.831e-01,1.241e+00
-1.486e+00,4.895e-01
-1.450e+00,1.113e+00
4.678e-01,-8.139e-01
7.186e-01,6.624e-01
1.840e+00,2.453e-01
-4.148e-01,6.719e-01
-3.437e-01,1.808e+00
-1.136e+00,-4.479e-01
1.264e+00,-3.725e-01
9.891e-01,-1.594e+00
2.161e+00,6.420e-01
3.856e-01,8.160e-01
3.539e-01,9.011e-02
3.388e-01,-2.019e+00
1.711e+00,1.023e+00
-4.684e-01,6.491e-01
-4.403e-01,1.646e+00
-6.738e-01,1.839e+00
5.243e-01,1.187e-01
6.987e-01,7.655e-01
1.387e+00,-7.862e-01
5.967e-01,5.433e-01
1.365e+00,5.389e-01
1.257e+00,-1.245e+00
-7.467e-02,-1.078e+00
3.502e-01,1.025e+00
-4.552e-01,-2.039e-01
3.403e-01,-1.078e+00
-2.103e-01,2.969e-01
2.305e-01,-1.346e+00
2.444e-01,-1.472e+00
-1.692e+00,-4.372e-01
-5.913e-01,-2.046e-01
-1.331e+00,-1.183e-01
6.432e-01,-2.957e-01
2.815e-01,-1.553e+00
-9.494e-03,-7.441e-01
-7.225e-01,8.258e-01
-5.013e-01,8.794e-01
1.444e-01,6.538e-01
-4.085e-01,1.046e+00
9.558e-02,1.020e+00
1.511e+00,-4.668e-01
-8.543e-01,6.639e-01
-1.826e+00,8.565e-01
-2.771e-01,3.329e-01
1.258e+00,-9.899e-01
-5.568e-01,1.619e+00
9.314e-02,7.354e-01
-1.350e+00,1.264e+00
7.984e-01,-1.180e+00
-5.625e-01,4.940e-03
3.051e-01,-2.066e+00
-2.006e+00,7.784e-01
8.084e-01,3.197e-01
2.343e-02,1.342e+00
-7.936e-01,1.557e+00
3.517e-02,1.161e+00
1.799e+00,-1.443e-03
-1.174e+00,-1.320e+00
-1.481e+00,3.896e-01
6.676e-01,8.263e-02
1.562e+00,3.357e-02
2.161e+00,2.569e-03
-4.067e-01,-6.803e-01
-8.259e-01,9.347e-01
9.602e-02,-9.117e-01
-4.563e-02,5.803e-01
3.971e-01,-1.566e+00
-1.799e+00,4.233e-01
-5.795e-01,1.827e+00
-1.383e+00,8.096e-01
3.022e-01,1.486e+00
-1.078e-01,-3.312e-01
-4.782e-01,-1.314e+00
4.275e-01,-1.449e+00
-9.751e-01,1.220e+00
5.573e-01,-2.061e+00
1.361e+00,-2.071e+00
-1.584e+00,-3.480e-01
1.737e+00,3.318e-01
1.567e+00,5.477e-01
1.696e-01,-8.026e-01
-6.763e-01,1.630e+00
-1.741e+00,-5.433e-02
-2.317e-01,-5.866e-01
-4.504e-01,1.172e+00
-6.821e-01,-6.185e-03
-1.147e+00,-8.468e-01
-6.074e-01,-1.087e-01
2.433e-01,5.891e-01
3.153e-01,-1.272e+00
1.419e+00,1.096e-01
4.068e-01,1.091e+00
-4.205e-01,7.060e-02
1.554e+00,-1.231e-01
6.676e-01,-1.378e+00
6.022e-01,-2.003e+00
-2.997e-01,-5.379e-01
-8.023e-01,1.224e+00
1.536e-01,-1.617e+00
-6.425e-02,1.305e+00
-1.766e+00,5.450e-01
-1.948e+00,-6.223e-01
-2.611e-01,9.296e-01
1.132e+00,-1.068e+00
4.530e-01,1.046e+00
2.420e-01,6.424e-01
-5.088e-01,8.581e-01
-8.068e-01,3.994e-01
-5.213e-01,-5.708e-01
9.746e-01,-8.437e-01
-1.835e-01,6.825e-01
-1.884e+00,-5.515e-01
1.468e+00,-7.558e-01
-6.707e-01,-9.737e-01
-1.688e-01,1.659e+00
4.252e-01,1.287e+00
-7.746e-01,6.223e-01
1.224e+00,-1.073e+00
7.574e-02,-1.694e+00
8.638e-01,-5.862e-01
-2.673e-01,-3.605e-01
-2.402e-01,3.886e-02
-1.553e+00,-2.944e-01
-1.837e-01,-7.507e-01
-3.743e-01,-1.804e+00
7.951e-01,4.312e-01
-2.803e-01,2.625e-01
4.029e-01,5.574e-01
5.778e-01,-5.937e-01
1.102e+00,-1.816e-01
8.028e-01,3.398e-01
-7.717e-01,1.955e-01
1.875e+00,8.222e-01
-2.967e-02,9.675e-01
-3.689e-01,9.788e-01
6.299e-01,-1.308e+00
9.469e-02,2.006e-01
-2.165e+00,3.412e-01
-3.447e-01,-1.676e-02
6.366e-01,-4.912e-01
9.880e-02,-9.941e-01
8.882e-01,-1.451e+00
8.206e-01,-1.303e+00
1.030e+00,-6.969e-01
-2.154e-01,1.379e-01
-1.477e+00,9.177e-01
-2.859e-01,1.091e+00
5.184e-01,1.593e+00
4.696e-01,2.703e-01
-1.718e+00,1.480e+00
1.061e-01,5.570e-01
1.430e+00,-9.631e-01
4.692e-02,8.650e-01
-1.233e+00,1.350e+00
-9.961e-02,-8.884e-01
6.632e-01,-1.986e+00
1.449e+00,6.816e-01
-6.574e-01,-8.424e-02
-2.986e-01,1.404e+00
-1.465e+00,1.444e+00
2.785e-01,-3.338e-01
-1.517e+00,3.792e-01
-4.524e-01,-4.318e-01
-1.547e+00,6.836e-01
2.871e-01,-7.353e-01
-6.810e-01,1.593e+00
-9.442e-01,8.362e-01
1.706e+00,-9.637e-01
-7.090e-02,-7.045e-01
1.653e+00,5.517e-01
1.897e+00,-5.407e-01
-1.673e+00,3.121e-01
1.531e+00,-4.792e-01
6.455e-01,-1.266e+00
8.361e-01,-1.397e+00
-7.986e-01,1.905e+00
-2.066e+00,3.846e-03
6.310e-01,-1.295e+00
-4.192e-01,1.721e+00
-1.136e+00,-1.731e+00
-7.867e-01,3.015e-01
-1.969e+00,4.054e-01
1.981e+00,5.410e-01
-3.290e-01,-5.507e-01
3.236e-01,-1.612e-01
-1.406e-01,-1.310e+00
1.829e-01,-7.722e-01
5.834e-01,4.700e-01
1.759e+00,-1.693e+00
-1.597e+00,-9.154e-02
1.745e-01,3.730e-01
-2.547e-01,1.911e+00
-1.470e+00,-5.252e-01
1.461e+00,1.612e-01
-9.639e-02,2.326e+00
-3.836e-01,1.980e+00
-1.405e+00,9.841e-01
3.270e-01,-6.423e-01
-3.180e-01,7.096e-02
-3.191e-01,3.837e-01
1.309e+00,-8.958e-01
-3.266e-02,-1.586e+00
-2.173e-01,-8.327e-01
9.259e-01,-7.410e-01
-7.726e-01,-2.639e-01
1.365e+00,-2.353e-01
1.293e+00,-1.104e+00
-6.794e-01,9.962e-01
-7.905e-01,2.460e-01
-1.837e-01,-6.722e-01
5.429e-01,-1.059e+00
4.600e-01,-8.707e-01
1.734e+00,-5.043e-01
-1.786e+00,3.682e-01
2.352e-01,-1.795e+00
-1.715e+00,-4.157e-02
-1.320e+00,2.933e-01
-1.723e+00,7.810e-01
-1.514e+00,4.974e-01
-5.007e-01,6.081e-01
1.980e+00,1.174e+00
-1.469e+00,-6.080e-01
1.273e+00,-8.315e-01
-1.531e+00,-5.975e-01
1.608e-01,-9.551e-01
4.885e-01,-1.048e+00
-5.315e-01,-2.844e-01
-1.702e+00,-4.196e-01
1.030e-01,5.400e-01
1.215e+00,-1.429e+00
-1.583e+00,-1.871e-01
-1.916e+00,9.398e-01
1.488e+00,-5.047e-01
1.991e+00,6.983e-01
1.085e+00,-1.241e+00
6.909e-01,-6.181e-02
4.023e-01,1.079e+00
-7.966e-02,3.615e-01
1.813e+00,4.224e-01
-1.599e+00,6.458e-01
-8.187e-01,8.138e-01
1.112e+00,-9.020e-01
-1.347e+00,2.619e-01
2.345e-01,3.203e-01
1.261e+00,-1.156e+00
-1.495e+00,2.664e-02
-9.443e-01,1.469e+00
1.889e-01,1.105e+00
1.066e-01,-1.186e+00
-3.856e-01,-9.987e-01
1.584e+00,2.054e-01
4.874e-01,6.827e-01
6.322e-01,1.364e-01
-7.721e-03,5.229e-01
1.245e+00,-1.172e+00
-2.570e-01,-6.038e-01
5.756e-01,5.238e-01
-9.616e-01,1.038e+00
-6.906e-01,2.245e-02
1.744e-02,-1.828e+00
7.164e-02,-1.346e+00
-1.764e+00,1.744e-01
-6.177e-01,-5.664e-01
1.502e+00,3.090e-01
1.343e+00,-5.540e-01
1.446e+00,2.258e-01
-3.977e-01,1.777e+00
-2.576e-01,2.457e-01
-2.601e-01,-1.562e+00
-1.711e+00,7.168e-01
1.293e+00,-1.520e+00
4.395e-01,-4.323e-01
-1.164e+00,7.237e-01
2.448e-01,-1.096e+00
-1.489e+00,1.274e+00
-1.318e+00,1.214e+00
7.663e-02,1.169e-01
-1.556e+00,3.332e-01
-1.661e-01,1.098e+00
1.521e+00,2.685e-01
9.835e-02,6.305e-01
-3.739e-01,-4.204e-01
1.769e+00,-4.652e-01
-1.702e+00,1.099e+00
-9.452e-01,1.894e+00
2.387e-02,-1.217e+00
1.368e-03,1.107e+00
-9.814e-01,1.819e+00
4.313e-01,-9.996e-01
1.101e+00,-8.274e-01
-2.958e-01,-2.850e-01
-6.823e-01,3.799e-01
7.995e-01,4.078e-01
2.134e-01,3.066e-02
1.123e+00,5.025e-01
-5.049e-01,-3.707e-01
7.740e-02,8.034e-01
1.540e+00,-6.474e-01
1.191e+00,1.654e-01
6.244e-01,6.974e-01
-5.918e-01,-5.539e-01
-2.439e-01,4.822e-01
-1.542e+00,1.242e+00
1.417e+00,-4.202e-01
2.022e+00,-1.727e-01
9.558e-01,-1.551e+00
3.349e-01,-9.914e-01
7.829e-01,-7.946e-01
-9.305e-01,-4.263e-01
1.336e+00,-1.103e+00
5.867e-01,-1.078e-03
1.144e+00,-9.203e-01
1.010e+00,-1.048e+00
-1.063e-01,1.540e+00
1.207e+00,-4.273e-01
-1.105e+00,6.557e-01
-1.463e+00,2.532e-01
1.504e-01,-7.932e-02
8.594e-01,2.601e-01
-1.480e+00,8.464e-02
-2.242e+00,-3.915e-01
-5.160e-01,6.150e-01
-1.197e+00,-4.946e-01
-1.553e+00,5.169e-01
-1.080e+00,7.578e-01
-1.520e+00,4.890e-01
1.083e+00,-1.571e+00
-3.931e-02,4.565e-01
-1.013e+00,1.520e+00
-1.633e-01,-1.684e+00
9.879e-01,-1.037e+00
-1.833e+00,-1.607e-01
1.443e+00,-1.919e+00
1.992e+00,-6.783e-02
-1.280e+00,-1.869e-01
6.876e-02,-1.739e+00
-1.606e-01,3.940e-01
-1.043e+00,1.150e+00
-9.169e-01,5.546e-01
-1.625e+00,4.826e-01
-8.164e-01,2.792e-01
-3.439e-01,1.748e+00
-1.098e+00,3.371e-01
-5.574e-01,-5.511e-01
2.392e-01,-1.759e+00
-2.143e+00,-9.832e-03
-1.372e-01,1.209e+00
2.721e-01,4.585e-01
-1.344e+00,4.073e-01
-2.379e-01,1.088e+00
2.187e-02,1.491e+00
-2.046e+00,4.872e-01
2.117e-01,1.591e+00
-2.036e-01,4.784e-01
5.911e-01,-1.065e-01
-2.636e-01,1.262e+00
-5.899e-01,6.073e-01
9.348e-03,1.761e+00
6.887e-01,-1.115e+00
1.534e+00,-6.297e-01
-7.966e-01,-1.481e-01
2.883e-01,-1.628e+00
1.564e+00,-8.774e-01
7.563e-01,-1.740e+00
-1.505e+00,1.529e+00
5.475e-01,-1.471e+00
3.087e-01,-1.438e+00
-1.543e+00,-8.619e-01
-6.981e-01,-7.589e-01
4.570e-02,1.034e+00
-6.548e-01,-1.090e+00
1.713e+00,-1.080e-01
-1.266e+00,-9.243e-01
-7.822e-01,7.691e-01
6.455e-01,1.224e+00
-1.938e+00,7.228e-01
-2.580e-01,1.695e+00
-1.189e+00,8.594e-01
-5.826e-01,1.097e+00
4.764e-01,7.262e-01
8.040e-01,-5.732e-01
-1.222e+00,2.874e-01
8.538e-01,-1.355e+00
1.266e+00,-7.477e-01
1.256e-01,1.757e+00
-4.246e-01,8.532e-01
1.554e+00,-9.739e-01
-2.956e-01,-1.340e+00
-9.237e-01,1.012e+00
3.572e-01,1.097e+00
3.228e-01,-3.139e-01
1.634e-01,1.333e-01
2.776e-01,-1.417e+00
-3.198e-01,1.431e+00
-8.277e-01,1.617e+00
1.686e+00,-5.435e-01
1.316e+00,-7.421e-01
-1.459e+00,3.369e-01
7.386e-01,-5.208e-01
3.463e-01,1.669e-01
-4.209e-01,-5.866e-01
6.743e-01,6.201e-01
4.601e-01,-3.732e-01
1.563e+00,-8.364e-01
-1.548e+00,1.993e+00
-6.016e-01,2.196e-01
-1.092e+00,1.278e+00
8.627e-01,-9.277e-01
1.569e+00,3.681e-01
-2.201e+00,2.116e-01
4.001e-01,-1.171e+00
5.510e-01,-1.913e+00
-2.256e-01,4.142e-02
6.732e-01,-1.351e-01
-1.785e+00,5.892e-02
-8.748e-01,1.531e+00
8.028e-01,-1.115e+00
-1.331e+00,1.593e+00
1.125e+00,-6.527e-01
4.821e-01,-6.494e-01
-5.300e-01,-2.022e-01
2.760e-01,8.171e-01
-1.662e+00,2.147e-01
-1.803e+00,3.507e-01
-7.090e-02,-1.959e+00
1.378e+00,-1.501e+00
-1.070e+00,1.429e+00
-4.131e-01,1.787e+00
3.597e-01,5.800e-01
5.889e-01,-9.898e-01
1.544e+00,7.552e-02
-1.573e+00,2.809e-01
1.002e+00,-8.677e-01
7.940e-01,3.991e-01
-2.773e-01,2.814e-01
8.694e-01,-2.187e-02
1.253e+00,-8.761e-01
6.765e-01,-3.934e-01
-1.151e+00,1.114e+00
-1.902e+00,7.151e-01
-3.406e-01,1.100e+00
4.099e-01,-7.521e-01
4.874e-01,1.047e+00
8.294e-01,-1.301e+00
-6.669e-02,1.422e+00
8.926e-01,5.216e-01
1.288e+00,-8.136e-01
7.718e-01,-8.123e-01
1.261e+00,-1.890e+00
-5.997e-01,9.548e-01
3.436e-01,-1.751e+00
5.967e-01,-1.195e+00
-1.733e-01,3.112e-01
5.071e-01,6.982e-01
1.657e+00,-1.494e-02
4.025e-01,-1.882e+00
2.324e-01,1.146e+00
-2.257e-02,2.204e+00
8.040e-01,2.406e-01
-1.196e+00,1.726e+00
4.659e-02,1.425e-01
-1.640e-01,4.251e-02
2.785e-01,2.203e-01
-5.423e-01,1.074e+00
-7.945e-01,1.781e+00
4.396e-01,1.203e+00
-3.997e-02,-1.771e+00
5.734e-01,-1.425e+00
5.220e-01,2.829e-01
-1.464e+00,6.447e-01
-2.618e-01,1.089e+00
2.667e-01,1.100e+00
-1.835e-01,-5.636e-01
2.001e-01,6.469e-01
-1.681e+00,-4.886e-02
-5.683e-01,1.380e+00
1.366e+00,-1.753e+00
-1.224e+00,-6.640e-01
-6.519e-01,3.850e-02
8.339e-02,-7.282e-01
-6.980e-01,4.733e-01
-1.190e+00,2.245e-02
5.156e-01,-1.569e+00
-1.375e-01,1.816e+00
-1.185e+00,2.749e-01
6.443e-01,1.177e-01
-1.459e+00,1.021e+00
-1.251e+00,1.225e+00
-1.496e+00,6.828e-01
-8.858e-01,1.613e+00
1.419e+00,-1.516e+00
-4.599e-01,3.883e-01
-4.086e-01,-7.691e-01
7.496e-01,-3.387e-01
8.228e-02,1.130e+00
-1.276e+00,6.962e-01
-1.595e+00,2.749e-01
-3.067e-01,6.159e-01
-7.500e-01,-8.114e-02
9.525e-01,-1.019e+00
6.488e-01,-2.098e+00
1.265e-01,-8.415e-01
-1.166e+00,2.446e-01
-1.528e+00,1.461e-01
3.210e-01,9.077e-01
2.235e-01,1.072e+00
4.691e-01,-2.791e+00
1.685e+00,5.951e-01
9.303e-01,-9.536e-01
1.968e+00,1.877e-01
1.091e+00,-1.306e+00
-9.903e-01,1.411e+00
-6.257e-01,9.135e-03
-1.418e+00,7.734e-02
2.287e-01,2.080e+00
1.521e+00,-1.031e+00
4.344e-01,9.311e-01
1.124e-01,-9.097e-01
1.646e+00,-7.667e-01
-1.021e+00,1.290e+00
1.491e+00,-6.266e-01
-1.866e+00,-2.928e-01
-7.609e-01,1.469e+00
7.452e-01,-1.032e-01
-6.712e-01,-1.328e-01
2.224e-01,8.278e-01
1.510e+00,6.030e-01
3.872e-01,5.583e-01
1.338e+00,-1.966e+00
1.790e+00,-4.525e-01
-3.509e-03,9.267e-01
-1.809e+00,9.706e-01
-3.569e-01,-7.512e-01
9.791e-02,-7.793e-01
-4.700e-01,-1.241e+00
9.569e-01,-4.460e-01
5.147e-02,-9.209e-02
1.058e+00,-1.062e+00
-2.614e-01,6.221e-02
-1.111e+00,2.215e+00
-7.417e-01,-3.276e-01
1.644e-02,1.478e+00
1.267e-01,-1.168e+00
3.731e-01,-1.164e+00
5.265e-01,1.194e+00
1.124e+00,-1.531e+00
-5.077e-01,8.656e-01
-5.212e-01,1.424e+00
3.323e-01,-9.571e-01
1.260e+00,4.337e-01
-1.301e-01,1.728e+00
-9.884e-01,-8.607e-02
-3.297e-01,-5.297e-01
1.849e-01,-1.016e+00
-7.838e-01,1.511e+00
-6.111e-01,3.801e-01
3.761e-01,-9.059e-01
-9.118e-02,-4.562e-01
3.496e-01,-1.429e+00
-2.689e-01,7.731e-01
-1.355e+00,1.268e+00
-1.718e+00,2.406e-01
7.386e-01,-2.333e+00
-4.810e-01,-4.096e-01
-6.457e-01,1.272e+00
-1.589e+00,7.562e-01
1.513e+00,7.180e-01
-1.377e-01,1.074e+00
8.195e-01,-1.353e-01
-5.327e-01,-1.951e+00
1.680e+00,-5.928e-01
-7.982e-01,2.785e-01
-2.988e-01,1.522e+00
6.953e-01,-9.398e-01
-4.829e-02,1.026e+00
5.397e-01,4.819e-01
5.065e-01,-1.513e+00
-1.498e-01,6.292e-01
1.538e+00,-5.565e-01
-1.282e-01,2.955e-01
-6.312e-01,-4.112e-01
-3.878e-01,1.241e+00
-6.875e-01,1.055e+00
1.375e+00,-1.349e+00
1.361e+00,8.231e-01
-6.214e-02,-9.245e-02
-5.893e-02,-1.040e+00
7.275e-01,-1.230e+00
1.475e+00,-8.635e-01
3.925e-01,-6.110e-01
-1.741e+00,2.342e-01
-5.136e-01,-9.245e-02
2.923e-01,5.039e-01
-7.601e-01,5.110e-01
-4.352e-01,1.471e+00
1.071e-01,-9.049e-01
-1.214e+00,-5.837e-01
1.592e+00,-1.195e+00
-5.084e-02,-1.221e+00
1.899e-02,1.429e+00
4.038e-01,-6.648e-01
1.303e+00,-3.806e-01
-1.331e+00,1.249e+00
-1.043e+00,9.722e-02
1.289e+00,-6.044e-01
1.424e+00,-5.878e-01
-1.753e+00,4.005e-01
8.638e-01,-1.248e+00
-1.197e+00,4.649e-01
3.056e-01,5.152e-01
5.182e-01,-1.106e+00
-8.601e-01,1.021e+00
-1.016e+00,2.038e+00
3.602e-01,9.504e-02
-1.672e+00,-3.117e-01
-8.984e-01,1.272e+00
-1.610e+00,-2.404e-01
5.318e-01,-1.281e+00
2.120e-01,-1.852e+00
-1.388e+00,8.836e-01
-7.957e-01,-1.497e-01
-7.285e-05,-1.390e+00
-1.372e+00,1.191e-01
-4.869e-01,4.364e-01
7.375e-01,7.036e-01
-1.283e+00,1.473e+00
-1.374e+00,4.561e-02
3.321e-01,-1.590e+00
-5.761e-01,1.515e+00
-1.959e+00,6.653e-01
-1.062e+00,-5.343e-01
-1.613e-01,-7.302e-01
4.660e-01,-1.596e+00
-6.867e-01,9.613e-02
4.516e-01,-7.120e-01
1.260e-01,1.772e+00
-6.159e-02,1.157e+00
-1.016e+00,1.431e+00
1.683e+00,-2.789e-01
-1.789e+00,-5.232e-01
-1.864e+00,-4.480e-01
3.026e-01,-1.627e+00
-6.196e-01,-4.236e-01
-6.789e-01,1.422e+00
-3.216e-01,1.900e+00
2.310e-01,1.165e+00
-8.992e-01,1.159e+00
-6.662e-01,1.012e+00
-2.540e-01,4.979e-01
-5.000e-01,-1.166e+00
-8.416e-01,1.051e+00
1.428e+00,-1.120e+00
-5.467e-01,-1.087e+00
-8.635e-01,1.085e+00
-1.468e-01,-2.615e-01
8.516e-01,-5.694e-01
-1.286e-01,-2.586e-01
9.625e-02,-8.128e-01
-1.362e+00,1.123e+00
6.189e-01,-1.373e+00
1.539e+00,-5.898e-01
-9.728e-01,8.929e-01
-3.412e-01,-1.094e+00
1.813e+00,5.094e-01
-1.580e+00,-4.736e-01
3.634e-01,-1.121e+00
6.732e-01,-1.211e+00
-1.669e+00,-1.612e-01
-6.325e-02,4.437e-01
2.376e-01,1.087e+00
6.288e-01,-2.270e+00
-7.572e-01,8.950e-01
1.793e+00,-1.149e+00
-2.470e-01,-8.818e-01
-2.784e-01,-8.615e-01
-1.887e+00,4.872e-01
-2.621e-01,5.838e-01
6.200e-01,-1.001e+00
1.043e+00,-1.587e+00
1.589e+00,-7.873e-01
1.326e+00,-4.240e-01
-1.254e+00,9.422e-01
-5.657e-01,-1.143e+00
-3.387e-01,1.329e+00
1.345e+00,1.857e-01
7.353e-03,1.341e+00
2.276e-02,3.664e-03
2.731e-01,5.506e-01
1.797e+00,2.982e-01
1.171e+00,-2.910e-01
-1.141e+00,-3.483e-01
-3.079e-01,8.346e-01
-1.465e+00,1.086e+00
2.040e+00,2.045e-01
-5.926e-01,-1.611e+00
2.542e-01,1.528e-01
-2.897e-01,-2.566e-01
-1.353e+00,6.584e-01
5.945e-01,1.286e+00
1.438e+00,-5.925e-01
-2.543e-01,6.640e-02
-4.585e-02,-1.194e+00
-4.047e-01,1.546e+00
1.190e+00,-9.195e-01
7.352e-02,-3.116e-01
9.514e-01,-1.313e+00
-7.700e-01,-5.524e-02
-1.548e-01,6.135e-01
-2.049e-01,1.081e+00
8.516e-01,-1.358e+00
1.573e-01,6.475e-01
-2.540e-01,9.965e-01
-1.949e-01,3.806e-01
1.193e+00,-5.278e-01
-6.246e-01,7.892e-01
3.244e-01,-7.687e-01
1.482e-01,2.847e-02
1.250e+00,-8.555e-01
6.233e-01,7.137e-01
-1.022e+00,-3.703e-01
1.114e+00,-5.305e-01
-8.378e-01,-1.365e+00
-4.251e-01,-1.280e+00
1.303e+00,-1.366e+00
2.347e-01,7.697e-01
-2.989e-01,5.619e-01
7.696e-01,5.878e-01
-1.111e+00,1.249e+00
3.736e-01,8.815e-01
6.554e-01,-1.903e+00
4.727e-01,-1.402e+00
1.322e-01,-4.496e-01
9.769e-01,-8.776e-01
1.702e+00,4.561e-02
-7.378e-02,7.076e-01
2.444e-01,-8.342e-01
-3.355e-02,1.517e+00
3.332e-01,-6.859e-01
-3.228e-01,-1.474e+00
-1.545e+00,1.451e+00
-4.534e-01,2.379e+00
-3.459e-01,8.842e-01
4.781e-01,-2.770e-01
2.085e+00,1.041e-02
-4.241e-01,-1.222e+00
1.193e+00,-1.255e-01
8.239e-01,-1.885e+00
6.222e-01,-1.631e+00
-2.572e-01,6.462e-01
8.649e-01,-6.298e-01
3.573e-02,-1.563e+00
-1.818e-01,1.882e-01
1.899e+00,7.744e-01
1.042e+00,-7.344e-01
6.344e-02,7.357e-01
7.984e-02,-9.697e-01
-3.176e-01,-1.054e-01
8.206e-01,-1.660e+00
2.385e+00,6.352e-01
7.397e-01,-1.112e+00
-6.899e-01,-6.030e-01
-7.522e-02,1.710e+00
-2.009e-01,1.213e+00
-4.241e-02,1.225e+00
6.765e-01,-1.246e+00
-7.954e-02,-6.184e-01
4.046e-01,-1.613e+00
7.230e-01,-2.059e-02
1.131e-01,-1.164e+00
1.062e+00,-9.671e-01
-8.651e-01,1.197e+00
1.177e+00,6.900e-01
5.434e-01,-1.986e+00
5.912e-03,-6.699e-01
1.299e+00,5.473e-02
2.509e-01,-1.682e+00
-1.319e+00,2.194e-01
-1.355e+00,1.132e+00
-2.569e-01,-8.977e-01
5.745e-02,-7.029e-01
-1.443e-01,8.300e-02
-1.732e-01,4.306e-01
2.649e-01,-2.137e+00
-1.543e+00,-2.537e-03
-1.018e-01,5.765e-02
-5.538e-02,2.222e+00
1.048e+00,-2.023e+00
5.353e-01,-3.588e-01
-1.489e+00,1.350e+00
1.622e+00,-8.516e-02
1.466e+00,-4.453e-01
-1.736e-01,2.188e+00
-8.006e-01,1.534e-01
-1.181e+00,1.787e-01
1.273e+00,-1.065e+00
2.734e-01,1.138e+00
1.538e+00,-6.679e-01
6.100e-01,9.996e-02
2.392e-01,1.378e+00
4.586e-01,-7.899e-01
8.306e-01,3.305e-01
7.907e-01,-8.116e-01
1.850e+00,-2.486e-01
1.473e-01,8.712e-01
-5.361e-02,-8.769e-01
1.545e+00,-5.716e-01
-1.625e+00,-2.674e-01
-1.735e+00,-9.907e-01
5.767e-01,-1.273e+00
-5.500e-01,3.157e-02
-1.492e+00,8.563e-01
4.074e-01,-1.048e+00
5.423e-01,-1.628e+00
4.426e-01,-9.965e-01
-4.341e-01,-5.508e-01
2.782e-01,-6.474e-01
-1.223e+00,4.554e-01
1.082e-01,1.626e+00
7.796e-01,1.205e-02
-1.062e+00,-2.249e-01
-1.866e-01,1.701e+00
-7.159e-01,7.366e-01
1.353e+00,-7.094e-01
-8.688e-01,3.578e-01
-1.337e-01,-5.820e-03
-5.159e-01,2.144e+00
-8.906e-01,-7.012e-01
1.001e-02,1.854e+00
-3.192e-01,8.368e-01
1.023e+00,-2.390e+00
1.846e-01,8.162e-01
9.127e-03,-5.973e-01
4.407e-01,9.659e-01
8.804e-01,-9.686e-01
-1.052e+00,1.677e+00
9.857e-01,-3.138e-01
1.356e+00,-8.984e-01
-7.142e-01,1.068e+00
-9.766e-01,5.214e-01
3.274e-02,9.090e-01
-1.932e-01,9.571e-01
-1.325e+00,1.773e-01
4.375e-01,-4.793e-01
1.394e+00,8.308e-01
1.544e+00,1.465e-01
-7.965e-01,1.097e+00
1.108e+00,-8.652e-01
-1.263e+00,1.331e+00
2.854e-01,-2.099e+00
4.389e-01,-2.102e+00
1.613e+00,1.756e-01
-9.184e-01,1.298e+00
-1.680e+00,9.152e-01
1.155e+00,9.303e-02
1.318e+00,9.084e-01
7.574e-01,-8.466e-01
1.509e+00,-1.005e+00
1.581e+00,-4.050e-01
6.588e-01,-6.927e-01
-5.260e-01,2.161e-01
2.445e-01,-1.301e+00
5.183e-01,-3.152e-01
1.001e-02,-6.850e-01
1.253e+00,-2.595e-01
1.545e+00,-8.169e-01
1.219e-01,5.103e-01
8.294e-01,4.518e-01
9.403e-01,-4.775e-01
-2.675e-01,-7.341e-01
2.345e-01,5.968e-01
2.339e-01,6.936e-01
1.778e+00,-8.603e-01
1.945e-01,-1.149e+00
1.780e-01,1.344e+00
-7.424e-01,4.820e-01
-4.155e-01,-1.166e-02
-2.856e-01,1.829e+00
-3.401e-01,4.654e-01
6.787e-01,-1.552e+00
3.695e-01,3.254e-01
6.011e-01,-1.188e+00
1.287e+00,-6.717e-01
8.594e-01,-6.338e-01
-1.239e+00,1.394e+00
-1.792e-01,-1.083e+00
-1.271e+00,7.133e-01
3.362e-02,-9.538e-01
-1.523e+00,1.173e+00
-8.295e-01,1.954e+00
-2.528e-01,1.364e+00
-1.125e-01,5.949e-01
1.133e+00,-1.354e+00
1.908e+00,-1.603e-01
-1.590e+00,1.393e+00
-1.261e+00,1.562e+00
-1.186e-01,7.485e-01
-8.320e-02,1.892e+00
2.528e-01,-1.176e+00
-8.520e-01,9.243e-01
1.200e+00,-6.748e-01
8.583e-01,-1.465e+00
3.999e-01,1.361e+00
-1.205e+00,3.557e-01
1.768e-01,1.396e+00
6.166e-02,1.597e+00
-6.060e-01,1.334e+00
4.359e-01,-9.728e-01
3.930e-01,-1.402e+00
-5.926e-01,-1.001e-01
-7.736e-01,1.715e+00
1.446e-01,-9.945e-01
-7.594e-01,-2.205e-01
-1.256e+00,1.247e+00
1.023e+00,-1.522e+00
-6.728e-01,4.828e-01
-1.336e+00,1.909e+00
-2.727e-01,1.435e+00
-3.555e-01,-8.351e-01
-8.525e-01,1.340e+00
-6.731e-01,5.663e-01
5.257e-01,-1.550e+00
1.926e-01,5.090e-01
-1.611e+00,4.607e-01
-2.772e-01,-8.034e-01
-1.862e+00,-3.033e-01
-8.862e-01,1.319e+00
1.815e-01,9.063e-01
1.028e+00,2.993e-01
-1.415e+00,1.078e+00
1.766e+00,-2.143e-01
-1.795e+00,6.276e-01
3.814e-01,-1.149e+00
1.611e+00,1.003e+00
3.301e-01,-1.877e-02
2.731e-01,1.135e+00
-5.815e-01,-7.226e-01
-3.926e-01,-4.030e-01
1.244e-01,-1.532e+00
1.084e+00,-1.088e+00
3.471e-01,1.259e-01
-1.295e+00,3.489e-01
1.553e+00,2.048e-01
-8.951e-01,1.170e+00
1.456e+00,-1.545e+00
-2.649e-01,-1.552e-01
2.025e-01,1.504e+00
1.815e-01,-7.828e-01
-7.137e-01,-7.209e-01
7.596e-01,-5.747e-01
1.655e+00,9.868e-02
1.673e-01,-1.995e+00
1.390e+00,4.275e-01
8.760e-01,-4.889e-01
1.908e+00,8.397e-01
1.452e-01,-1.133e+00
4.395e-01,-1.638e-01
-2.533e-01,-4.968e-01
-6.209e-01,-6.815e-01
-1.257e+00,8.719e-02
6.743e-01,4.123e-02
-6.110e-01,1.622e+00
1.029e-01,1.666e+00
6.333e-01,7.102e-01
1.685e+00,-8.607e-02
-8.475e-01,-1.939e-01
-2.079e+00,8.395e-01
2.482e-01,-2.050e+00
3.390e-01,6.124e-01
1.531e-01,5.420e-01
5.867e-01,5.509e-02
1.739e+00,1.459e-01
-2.080e-02,-1.964e+00
5.153e-01,4.233e-02
-4.913e-01,1.129e+00
2.116e+00,-9.040e-01
1.491e+00,8.405e-03
6.798e-01,-3.771e-01
1.673e+00,-6.546e-02
-1.373e-01,-7.986e-01
-1.698e+00,9.177e-01
5.668e-02,6.946e-03
-6.294e-01,9.013e-01
-4.319e-02,1.091e+00
4.888e-01,7.392e-01
2.115e+00,-3.071e-01
-4.257e-01,-6.838e-02
1.407e+00,2.975e-01
-1.236e+00,2.499e-01
1.450e+00,-8.347e-01
1.186e+00,-1.305e+00
3.344e-01,7.835e-01
-9.330e-01,-3.736e-01
-2.848e-01,-1.572e-01
-9.894e-01,1.887e+00
-9.530e-01,6.480e-01
1.770e+00,1.603e-01
-4.240e-01,-1.005e+00
3.381e-01,-1.783e+00
2.969e-01,-1.426e+00
-1.055e+00,-6.856e-02
2.961e-01,-1.024e+00
1.506e+00,-6.952e-01
-1.146e+00,1.484e+00
-9.677e-01,1.530e-01
1.584e+00,-6.996e-01
7.308e-01,-1.654e+00
6.078e-01,-9.082e-01
-3.692e-01,-2.320e-01
-1.081e+00,9.965e-01
-1.878e-01,1.564e+00
-1.151e+00,1.934e+00
1.696e+00,1.820e-01
1.169e+00,-2.301e-01
2.164e-01,9.768e-01
1.002e+00,-6.513e-01
6.887e-01,4.841e-01
-4.166e-01,-1.027e+00
-3.460e-01,-1.548e-01
-1.948e+00,-4.740e-02
8.694e-01,3.923e-02
1.340e+00,6.553e-01
3.300e-01,1.594e-01
-1.196e+00,1.918e+00
5.254e-01,-1.698e+00
-1.245e+00,6.239e-01
-1.266e+00,1.019e+00
1.828e+00,-7.837e-01
-5.255e-01,1.230e+00
3.859e-01,7.217e-01
-6.791e-02,-1.319e+00
1.404e+00,-8.555e-01
-6.269e-01,1.058e+00
1.401e+00,-3.948e-01
1.583e+00,7.983e-01
-4.665e-01,9.526e-01
-8.848e-01,8.246e-01
-6.956e-01,1.619e+00
7.408e-01,-2.163e+00
6.432e-01,-8.772e-01
-2.997e-01,-9.385e-01
-8.570e-01,2.392e+00
-1.771e+00,1.104e-01
-1.912e+00,-1.083e+00
-1.838e+00,7.540e-01
1.202e+00,-1.103e+00
-1.477e+00,1.157e+00
-1.084e-01,-7.021e-01
-1.575e+00,7.166e-01
-1.345e+00,6.407e-01
1.516e+00,1.953e-02
-4.987e-01,3.122e-01
6.610e-01,-1.760e-01
1.510e+00,-1.327e+00
2.195e-01,7.897e-01
6.122e-01,-5.980e-02
9.525e-02,1.559e+00
-8.985e-01,9.261e-01
1.138e-01,-8.668e-01
1.620e+00,-1.032e+00
-9.135e-01,1.286e+00
1.793e+00,-4.047e-02
2.537e-01,3.976e-01
-1.721e-01,1.054e+00
-1.587e+00,5.466e-01
-1.556e-01,-7.815e-01
2.883e-01,1.177e+00
5.679e-01,-1.343e+00
1.510e+00,-1.361e+00
7.652e-01,1.158e+00
6.488e-01,6.847e-01
-8.739e-01,1.449e+00
-5.039e-01,9.021e-01
1.823e+00,-9.994e-01
1.380e+00,1.009e-01
6.809e-01,-9.299e-01
1.288e+00,-5.158e-01
-1.582e+00,4.800e-01
2.756e-01,5.227e-01
5.723e-01,2.586e-01
-1.705e+00,-3.821e-01
-2.859e-01,2.138e-01
3.639e-01,3.927e-01
3.769e-01,1.227e+00
1.352e+00,-8.249e-01
1.745e+00,-7.835e-01
-6.865e-01,-1.205e-01
-1.351e+00,6.717e-01
5.430e-01,-1.515e-01
-3.421e-02,-1.659e+00
-1.996e-01,1.121e+00
8.705e-01,-1.093e+00
6.920e-01,-9.241e-01
1.477e+00,-1.216e+00
-5.069e-01,-6.188e-01
7.519e-01,-3.250e-01
-1.543e+00,-2.199e-01
-3.754e-02,-1.774e+00
1.459e-01,1.156e-01
-8.150e-01,3.604e-01
2.544e-01,9.588e-01
-2.075e-01,8.235e-01
-5.247e-01,-1.138e+00
6.998e-02,8.411e-01
3.398e-01,4.560e-01
-1.500e+00,6.564e-01
-1.154e+00,7.554e-01
7.319e-01,6.197e-01
6.144e-01,1.649e-01
2.629e-01,-3.500e-02
-1.413e+00,7.881e-01
2.821e-01,9.544e-01
-1.555e+00,2.433e-01
-5.615e-03,5.035e-02
-4.663e-01,-1.689e+00
1.319e-01,-9.427e-01
5.834e-01,4.261e-01
1.760e+00,-2.267e-01
-1.460e+00,4.237e-01
-4.639e-01,2.749e-01
-6.956e-01,6.376e-01
-1.241e+00,7.956e-01
-4.276e-01,3.407e-01
7.541e-01,-1.431e+00
2.242e-01,6.867e-01
5.790e-01,-1.631e+00
1.685e+00,-1.504e+00
-6.018e-01,7.109e-01
1.555e+00,-3.418e-01
1.696e+00,-7.308e-01
-9.645e-01,-2.333e-02
3.795e-02,-7.629e-01
1.109e+00,-1.029e+00
1.834e+00,-6.890e-01
1.517e+00,3.283e-01
-3.530e-01,-9.484e-01
6.510e-01,-2.269e-01
-1.211e+00,1.389e+00
-4.036e-01,7.629e-01
-2.512e-01,-1.241e+00
-1.579e-01,-1.455e+00
-2.346e-01,-6.584e-01
-4.878e-01,-1.379e-01
1.845e+00,-5.248e-01
-1.045e+00,9.391e-01
2.131e-01,1.309e+00
-1.375e-01,-8.858e-01
-7.202e-01,1.482e+00
4.626e-01,-2.892e-01
-1.037e+00,4.343e-01
2.244e+00,2.900e-01
4.475e-01,-1.220e-02
-1.851e+00,7.224e-01
1.909e+00,-5.091e-03
1.480e+00,2.435e-01
1.592e-01,-1.179e+00
2.041e-01,1.225e+00
7.142e-01,-3.707e-01
5.867e-01,-7.266e-01
6.255e-01,-2.194e+00
-1.036e+00,2.103e-01
1.487e-01,-1.626e+00
6.854e-01,-1.002e+00
4.697e-01,-9.462e-01
-1.021e+00,7.035e-01
-3.335e-01,-1.448e+00
5.745e-01,3.821e-01
1.040e+00,-1.174e+00
2.055e+00,1.167e+00
-1.134e+00,1.235e+00
1.760e+00,8.223e-03
2.188e-01,-1.113e+00
-1.685e+00,-1.512e-01
-1.200e-01,1.471e+00
5.099e-01,-1.116e+00
4.721e-01,-9.011e-01
-7.166e-01,1.196e+00
6.798e-02,5.105e-01
-6.934e-01,1.327e+00
2.193e-01,-6.558e-01
5.612e-01,-1.031e+00
9.835e-01,-1.891e+00
-3.292e-01,-8.643e-01
1.497e-01,9.418e-01
-1.155e+00,7.040e-01
2.499e-01,7.029e-01
8.350e-01,-7.855e-01
1.303e+00,-8.619e-01
1.790e+00,1.249e+00
8.339e-01,3.808e-04
1.562e+00,1.324e-01
-1.340e+00,4.638e-01
-1.888e-01,3.522e-02
-6.303e-02,1.621e+00
1.531e-01,-1.266e+00
3.252e-03,-1.065e+00
-2.138e-01,1.052e-01
-2.680e-01,-4.864e-01
2.946e-01,-1.528e-01
1.397e+00,-9.739e-01
-8.787e-01,8.887e-01
-1.572e+00,5.493e-01
4.408e-01,-1.599e+00
-2.047e-01,6.971e-01
1.356e+00,-1.556e+00
-1.199e+00,1.139e+00
1.453e+00,1.944e-01
1.204e+00,-1.250e+00
7.275e-01,-2.075e+00
-2.244e-01,7.366e-01
5.180e-02,-7.494e-01
-2.766e-01,-1.820e-01
7.009e-01,3.812e-01
-1.191e+00,1.210e+00
8.838e-01,-2.162e+00
1.547e+00,-1.279e+00
-1.268e+00,1.180e+00
1.599e-01,1.043e+00
-8.186e-01,-4.869e-01
1.090e-02,-4.809e-01
-1.127e-01,-4.069e-01
-6.353e-01,1.034e+00
1.376e+00,-1.604e+00
-1.553e+00,8.355e-01
-1.331e+00,1.195e+00
-9.963e-01,1.495e+00
1.627e+00,-8.683e-01
-6.248e-01,-4.772e-01
-8.753e-02,-3.313e-01
9.857e-01,-9.263e-01
5.183e-01,4.423e-01
-7.938e-01,1.058e+00
1.142e+00,-1.219e+00
2.853e-01,-9.847e-02
-7.490e-01,1.632e+00
1.223e-02,6.456e-01
1.175e+00,-1.593e+00
9.746e-01,-1.823e+00
1.513e-01,2.901e-02
-9.626e-01,5.849e-01
1.343e+00,2.780e-01
-1.601e-01,7.953e-02
-8.456e-01,3.613e-02
-1.121e+00,1.435e+00
9.924e-01,-9.338e-01
1.902e+00,6.754e-01
1.533e+00,-1.453e-01
-1.291e-01,1.251e+00
7.297e-01,-1.287e+00
7.596e-01,-1.003e+00
1.384e-01,1.813e-01
-3.758e-01,-6.524e-01
-1.381e+00,7.884e-01
-4.327e-01,5.911e-01
9.669e-01,-4.793e-01
1.507e+00,-8.139e-01
-1.439e+00,3.785e-01
-3.805e-01,1.080e+00
1.381e+00,-6.205e-01
1.373e+00,4.288e-01
7.574e-01,-1.488e+00
-1.246e+00,2.902e-01
1.732e-01,-1.346e-01
1.735e-01,-5.384e-01
-3.663e-01,-1.352e+00
3.835e-01,-1.792e+00
5.494e-01,1.849e-01
-7.886e-01,1.208e+00
1.119e+00,-1.567e+00
4.544e-01,-1.692e+00
1.772e+00,-1.114e-01
-5.932e-01,-1.355e-01
2.160e+00,-5.493e-01
1.343e+00,-6.208e-01
-1.342e+00,1.635e+00
-5.463e-01,-1.142e-01
-4.028e-01,-7.618e-01
-1.458e+00,3.257e-01
-8.941e-01,2.031e+00
2.388e-01,-1.541e+00
-5.008e-01,-9.319e-01
-1.683e-01,-8.750e-01
-1.018e+00,1.911e+00
1.882e+00,4.886e-01
-8.085e-01,1.340e+00
-8.160e-01,1.202e+00
1.426e-01,4.882e-01
8.871e-01,-1.441e+00
8.040e-01,-4.287e-01
7.330e-01,-1.098e-01
-2.731e-01,-6.593e-01
-1.746e+00,1.098e+00
6.388e-01,-1.297e-01
1.161e+00,-1.469e+00
3.517e-01,1.066e+00
7.375e-01,8.061e-01
-1.143e-01,3.735e-01
-1.428e+00,8.349e-01
1.497e+00,1.063e+00
6.288e-01,-1.010e+00
1.073e+00,-9.423e-01
-1.608e+00,6.847e-01
-4.491e-01,-8.296e-01
2.772e-01,3.276e-01
7.009e-01,-1.113e+00
1.966e+00,9.876e-01
1.948e-01,-1.574e+00
-7.509e-01,9.604e-01
3.814e-01,9.996e-02
-1.843e+00,2.211e-01
-3.147e-01,-7.750e-02
8.549e-01,-1.912e+00
-6.502e-01,1.068e+00
1.337e+00,-1.122e+00
-8.171e-01,-6.892e-01
-1.206e+00,1.635e+00
-2.375e-01,1.120e+00
9.891e-01,-2.377e+00
5.271e-01,-1.214e+00
-7.563e-01,5.357e-01
-9.664e-01,1.712e+00
-1.254e+00,1.133e+00
-8.462e-01,1.420e+00
3.730e-01,-2.008e+00
5.510e-01,-1.033e+00
4.213e-01,-1.064e+00
-7.221e-01,1.728e+00
9.802e-01,2.278e-01
-8.238e-01,1.486e+00
-1.251e+00,1.355e+00
-1.292e-01,-4.320e-01
1.657e+00,-6.383e-01
8.317e-01,-9.971e-01
1.072e+00,-3.388e-01
1.479e+00,1.771e-01
-1.909e+00,-1.370e-01
-2.506e-01,-1.475e+00
2.465e-01,3.250e-01
-1.803e+00,2.428e-01
1.243e+00,-5.524e-01
4.426e-01,1.011e+00
6.444e-02,1.002e+00
9.658e-01,-1.323e+00
1.415e+00,-1.570e-01
-6.222e-01,1.387e+00
7.042e-01,-1.286e+00
-1.715e+00,9.462e-01
1.908e+00,-4.460e-01
2.440e-01,-9.653e-01
1.623e+00,1.055e+00
-4.240e-01,1.960e+00
-8.487e-01,4.780e-01
-2.636e-01,-1.015e+00
5.051e-01,7.301e-01
1.200e+00,-9.673e-01
-1.518e+00,1.003e+00
-2.454e-01,7.359e-01
2.788e-01,1.875e-01
-1.541e+00,-1.318e-01
-1.136e+00,-2.057e-01
-1.188e-01,-7.018e-01
2.523e-01,-2.218e+00
1.001e+00,-1.714e+00
1.460e-01,8.893e-01
-1.501e+00,5.487e-03
1.083e+00,-3.428e-01
1.048e+00,-1.466e+00
-2.053e-01,1.405e+00
-1.871e+00,2.605e-01
-8.304e-01,4.406e-01
-1.650e+00,3.024e-01
3.948e-01,-1.004e+00
5.867e-01,6.349e-01
-1.463e-01,-1.192e+00
-1.007e+00,2.077e+00
-1.446e+00,-1.163e+00
-1.476e+00,3.163e-01
8.683e-02,5.623e-01
-9.706e-01,3.856e-01
1.707e+00,2.482e-01
9.769e-02,1.248e+00
-9.002e-01,5.605e-01
4.935e-01,-5.244e-01
-5.918e-01,7.122e-01
-3.953e-01,9.331e-01
1.070e+00,-1.403e+00
-9.686e-01,4.923e-01
4.080e-01,-1.142e+00
5.856e-01,2.468e-01
-4.153e-01,1.894e+00
-8.013e-01,1.373e+00
1.010e+00,-7.559e-01
1.257e-03,5.138e-01
-5.435e-01,2.590e-01
-1.564e+00,1.413e+00
-6.466e-01,1.178e+00
1.736e+00,-9.808e-01
1.626e+00,-7.518e-01
-3.299e-02,8.700e-01
1.463e+00,-1.322e+00
-8.388e-01,-9.759e-01
-5.536e-01,1.257e+00
2.464e-01,-1.061e+00
-4.280e-01,2.196e-01
-7.190e-01,7.734e-02
-2.506e-01,4.498e-01
-1.361e-01,3.102e-02
-2.182e+00,1.809e-01
-1.589e+00,1.666e+00
1.396e+00,-3.330e-01
2.196e-01,-1.468e+00
-1.648e-01,-1.048e+00
1.875e+00,-7.485e-01
-1.732e+00,4.463e-01
-6.284e-01,-7.160e-01
1.693e+00,1.350e+00
-1.833e+00,-5.446e-01
1.148e+00,-1.593e+00
-1.387e+00,1.219e+00
-1.417e-01,-9.757e-01
-1.274e-01,-8.544e-01
-9.349e-01,1.111e+00
1.986e+00,-2.035e-01
-1.148e+00,1.581e+00
-1.359e+00,6.914e-01
1.324e+00,-2.118e+00
-5.372e-02,-1.129e-01
1.213e+00,-1.096e+00
6.721e-01,-1.768e+00
1.651e+00,-1.818e-01
6.244e-01,-2.103e+00
7.862e-01,-1.371e+00
-6.214e-01,3.761e-01
1.344e+00,-1.202e+00
-6.691e-01,7.490e-01
-5.947e-01,-6.195e-01
-9.892e-01,1.519e+00
7.707e-01,5.825e-01
9.458e-01,-1.098e+00
-3.523e-01,-4.727e-01
3.528e-02,-6.264e-01
1.690e-01,1.176e+00
-2.471e-01,-7.443e-01
8.239e-01,-2.225e-01
-2.011e-01,1.057e+00
8.638e-01,-1.962e+00
9.359e-01,-1.547e+00
3.174e-02,-5.171e-01
1.457e-01,-1.294e+00
6.244e-01,-1.038e-02
-1.438e+00,7.979e-01
-2.265e-01,1.105e+00
-1.499e+00,-4.383e-01
-5.980e-01,-6.493e-01
-1.297e+00,7.523e-01
5.095e-01,-1.440e+00
1.179e+00,-4.172e-01
-4.796e-02,1.031e+00
-4.720e-01,-8.008e-01
1.678e-01,-1.495e+00
-9.010e-01,-8.141e-01
-6.400e-01,-9.500e-02
-4.403e-01,7.184e-01
-1.714e+00,-6.728e-01
1.129e-01,8.039e-01
1.339e+00,-5.823e-01
-3.044e-02,-7.094e-01
-1.428e+00,2.588e-01
-5.577e-01,1.584e+00
4.380e-01,1.179e+00
4.462e-01,-1.597e+00
-1.581e+00,1.698e-01
-2.201e-01,-4.240e-01
1.641e+00,1.333e-02
5.690e-01,-1.294e+00
-1.548e+00,5.665e-01
9.148e-01,-6.784e-01
1.856e+00,-4.077e-01
-1.365e+00,6.281e-01
-3.279e-01,-6.989e-01
1.257e+00,3.526e-01
1.144e+00,-6.551e-01
1.315e+00,-6.330e-01
3.190e-01,-1.567e+00
-1.412e+00,-3.418e-01
7.242e-01,-1.953e+00
1.042e+00,-2.194e+00
7.929e-01,-7.769e-01
-1.708e+00,-5.175e-01
1.473e+00,-7.195e-01
1.808e+00,7.246e-01
-1.228e-01,-1.882e-01
2.264e-01,-1.317e+00
-1.794e-01,-3.555e-01
-2.559e-01,-1.410e+00
1.104e+00,-1.322e+00
3.577e-01,9.602e-01
6.166e-01,-3.214e-01
-1.903e+00,1.109e-01
5.712e-01,-1.559e+00
-7.635e-01,3.715e-01
1.177e+00,-1.504e+00
-1.502e+00,4.622e-01
-9.762e-01,3.157e-01
1.230e+00,-9.447e-01
6.687e-01,-1.261e+00
1.154e+00,-1.260e+00
-9.646e-01,-4.359e-01
-7.906e-01,1.231e+00
-8.226e-01,9.055e-01
1.564e+00,1.346e-01
2.931e-01,-1.042e+00
-4.104e-01,1.871e-01
1.639e+00,7.744e-01
1.670e+00,1.109e-01
-9.192e-01,8.883e-02
1.470e+00,7.424e-02
7.086e-01,-1.709e+00
-1.915e-01,4.268e-01
-1.130e+00,-3.718e-01
9.093e-01,-8.524e-01
-1.426e+00,-5.090e-01
1.878e+00,1.196e+00
1.447e+00,-3.318e-02
-7.677e-01,1.354e+00
-5.237e-01,-7.948e-01
6.155e-01,-1.651e+00
1.561e+00,8.154e-02
1.874e-01,-1.209e+00
9.514e-01,-9.389e-01
-1.239e+00,4.614e-01
1.346e+00,-1.520e+00
1.369e-01,1.481e-01
8.040e-01,-9.567e-01
1.377e-01,-1.661e+00
8.971e-01,-9.071e-01
-8.884e-01,1.090e+00
-7.103e-01,1.351e+00
-3.842e-02,3.907e-01
3.152e-02,-6.077e-01
-8.108e-01,-1.262e-01
3.016e-01,6.978e-01
-5.307e-01,1.456e+00
-1.326e+00,9.887e-02
1.630e+00,3.661e-01
-1.177e+00,1.604e+00
1.656e+00,1.388e-02
1.428e+00,-1.508e-01
-9.495e-02,-2.588e-02
-1.192e+00,3.471e-01
1.338e+00,-7.078e-01
-1.067e+00,1.060e+00
1.875e+00,3.604e-01
2.521e-01,1.168e+00
-1.688e+00,2.515e-01
-4.551e-01,3.710e-01
1.713e+00,-2.169e-02
1.852e+00,3.093e-01
-5.856e-01,1.838e+00
3.668e-01,-5.506e-02
4.520e-01,-9.245e-02
-3.919e-01,-7.787e-01
-5.552e-01,7.200e-01
1.094e+00,-1.150e+00
-9.325e-01,7.545e-01
1.678e+00,5.875e-01
2.768e-01,9.816e-01
-1.642e+00,7.666e-01
-6.260e-01,-9.103e-03
3.587e-01,4.625e-01
-2.087e+00,6.276e-01
-1.267e+00,9.057e-01
-8.347e-01,1.559e+00
1.183e+00,-4.640e-01
1.018e+00,-1.483e+00
-1.256e+00,-5.379e-02
8.860e-01,-1.635e+00
-4.393e-01,1.289e+00
8.228e-02,3.183e-01
3.077e-01,-1.526e+00
8.948e-01,-4.138e-02
-7.634e-01,8.111e-01
1.719e+00,-7.337e-01
9.082e-02,-1.114e+00
8.306e-01,-6.620e-01
1.725e+00,9.517e-01
1.187e-01,-9.423e-01
1.357e+00,-7.071e-01
1.820e-01,4.992e-01
1.762e-01,-1.261e+00
2.698e-03,-7.921e-01
3.214e-01,2.437e-01
-1.353e+00,1.535e+00
-1.331e+00,-5.048e-01
2.922e-01,-1.132e+00
7.330e-02,1.920e+00
-2.622e-03,1.889e+00
-6.225e-01,1.513e+00
1.684e+00,-1.450e-01
-9.250e-01,1.156e+00
-1.430e+00,2.411e-01
1.291e+00,2.125e-01
-1.055e+00,1.148e+00
-3.038e-01,-1.336e+00
4.262e-01,-2.026e+00
3.466e-01,1.197e+00
4.587e-01,3.511e-01
-5.285e-01,-7.831e-01
9.979e-02,4.350e-01
1.437e+00,-9.784e-01
-1.869e+00,-5.358e-01
-1.380e+00,4.877e-01
1.430e+00,-6.744e-01
1.520e+00,-1.401e-01
-7.550e-01,1.224e-01
-1.116e+00,4.853e-01
1.202e+00,7.976e-01
-6.059e-02,-1.200e+00
-1.532e+00,-2.751e-01
2.325e-01,-1.014e+00
-7.267e-02,7.923e-01
-2.808e-01,-9.398e-01
5.415e-01,9.424e-01
9.990e-01,-1.514e+00
-5.407e-01,-2.555e-01
-2.690e-02,-1.109e+00
1.374e-01,8.722e-01
-5.700e-01,1.588e-02
-1.134e+00,1.134e+00
-3.018e-01,5.176e-01
6.809e-02,1.515e+00
-7.295e-01,7.908e-01
-3.194e-01,7.804e-01
2.420e-02,1.309e+00
2.877e-01,-9.217e-01
1.455e+00,-2.404e+00
1.194e+00,-9.976e-01
3.981e-01,1.231e-01
3.695e-02,-6.278e-01
-1.709e+00,4.839e-01
-1.399e+00,1.344e+00
2.973e-01,1.381e-01
7.785e-01,-1.093e+00
6.133e-01,-2.595e-01
-4.956e-01,1.695e+00
5.129e-01,1.115e+00
1.149e+00,-1.442e+00
-2.879e-01,-1.384e+00
-4.636e-01,-1.671e+00
5.224e-02,-4.057e-01
1.971e-01,-1.102e+00
-1.400e+00,7.397e-01
5.091e-01,-9.901e-01
1.001e-02,9.426e-01
2.654e-01,2.767e-01
1.855e+00,-1.111e-01
-5.649e-02,1.166e+00
-2.556e-01,2.690e-01
2.230e-01,7.866e-01
3.340e-02,1.991e+00
-4.503e-01,1.277e+00
7.075e-01,-1.925e+00
-6.302e-01,1.933e+00
2.191e+00,3.392e-01
3.752e-01,-2.446e+00
7.762e-01,-1.424e+00
-2.945e-02,-4.356e-01
-4.810e-01,1.732e+00
-1.831e-01,1.127e-01
-1.457e+00,1.818e-01
-3.697e-01,6.823e-01
1.248e+00,-9.903e-01
-7.590e-01,1.957e-01
2.135e-01,5.244e-01
-1.517e+00,9.960e-02
-9.666e-01,1.405e+00
-3.616e-01,-5.188e-01
-1.543e+00,1.014e+00
-5.993e-02,7.945e-01
-5.998e-01,1.188e+00
2.310e-01,-1.354e+00
3.739e-01,-2.308e+00
6.676e-01,-3.106e-01
9.170e-01,-1.200e+00
-1.711e+00,4.034e-01
1.508e+00,-6.584e-01
1.628e-01,-1.744e+00
5.131e-01,1.507e-01
2.102e-01,1.082e+00
1.477e-01,1.173e+00
-3.674e-01,-3.717e-01
1.015e+00,-1.957e+00
-1.847e+00,-6.376e-01
-1.559e-01,-1.035e+00
-2.189e-01,1.817e-01
6.721e-02,1.927e+00
1.225e+00,-1.338e+00
-4.736e-01,-4.511e-01
-9.409e-01,1.881e+00
-1.361e+00,4.740e-01
1.951e-01,7.016e-01
-1.248e+00,1.043e+00
1.205e+00,-8.258e-01
-1.179e+00,7.740e-01
1.475e+00,-9.553e-01
1.792e+00,-2.995e-01
6.056e-01,-1.202e-02
-6.281e-01,2.842e-01
-1.676e+00,-3.424e-01
-4.591e-01,-1.204e+00
9.414e-01,-8.190e-01
-1.683e+00,8.762e-01
4.430e-01,-1.227e+00
7.596e-02,1.504e+00
-1.583e+00,9.672e-01
-6.240e-01,1.283e+00
3.263e-01,-1.069e-01
9.658e-02,1.117e+00
-3.634e-01,-6.372e-01
-2.679e-02,-2.250e-01
-1.349e-01,1.068e+00
-1.055e+00,9.841e-01
-9.750e-02,1.268e-01
4.720e-01,-2.497e+00
2.721e-01,-2.378e-01
-3.587e-01,-1.847e+00
-2.448e-01,6.416e-01
1.212e+00,-1.143e+00
-1.376e+00,1.198e-01
-1.963e-01,-1.242e-01
9.979e-01,-6.945e-01
-1.226e+00,1.321e+00
2.382e-01,7.786e-01
-5.474e-01,2.535e-01
-1.266e+00,2.761e-01
1.114e+00,-2.112e+00
-3.479e-01,-6.196e-01
5.136e-02,-1.600e+00
-5.632e-01,1.143e+00
4.609e-01,-7.302e-01
-8.939e-01,8.450e-01
9.126e-01,-4.652e-01
1.111e+00,-8.635e-01
-5.538e-01,-9.954e-01
1.517e+00,5.583e-01
-1.597e+00,1.787e-01
3.507e-01,9.637e-01
-5.996e-01,1.674e+00
-1.337e-02,8.570e-01
-1.587e+00,8.782e-01
-6.700e-01,1.262e+00
-1.601e+00,3.797e-01
8.871e-01,-6.207e-01
-9.772e-02,6.675e-01
-1.288e+00,1.011e+00
1.407e+00,-9.801e-01
-1.812e+00,-7.760e-01
1.630e+00,-8.229e-01
-1.229e+00,1.391e+00
-1.011e+00,1.478e+00
-1.674e+00,2.718e-01
-1.691e+00,9.190e-01
4.740e-01,1.653e-01
1.537e-01,-1.694e+00
1.082e+00,-2.355e+00
-1.649e+00,2.831e-01
-5.465e-01,-8.417e-01
9.059e-01,-4.924e-01
-1.342e+00,2.021e-01
1.143e+00,-3.139e-01
-2.250e-01,-1.022e+00
3.671e-01,1.499e-01
2.000e-01,1.252e+00
9.048e-01,-1.580e+00
1.268e-01,-1.715e+00
-1.697e+00,3.728e-01
1.251e+00,2.752e-01
-2.924e-01,1.384e+00
-7.102e-01,8.878e-01
-1.185e+00,3.892e-01
3.567e-01,1.672e+00
-7.998e-01,7.118e-01
-1.106e+00,1.279e+00
-6.402e-01,1.752e-02
1.694e+00,-1.971e-01
1.291e+00,-1.600e+00
-6.900e-01,1.733e-01
-1.560e+00,-1.791e-01
-1.101e+00,7.013e-01
-1.362e+00,6.898e-01
1.394e+00,-4.052e-01
-5.393e-01,-9.857e-01
1.555e+00,-5.277e-01
-4.734e-01,5.165e-01
-2.016e+00,-4.177e-01
7.297e-01,8.143e-01
2.040e-01,1.351e+00
6.898e-01,4.873e-01
5.077e-01,-3.033e-01
1.369e+00,-1.305e+00
1.760e+00,-1.202e-01
-4.782e-01,1.557e+00
-4.798e-01,6.064e-01
-1.374e+00,1.007e-01
3.066e-01,8.634e-01
2.146e-01,-1.346e+00
-1.702e+00,-2.646e-01
2.579e-01,1.686e+00
2.002e+00,-4.177e-01
-4.184e-01,1.506e+00
1.460e+00,-9.281e-01
-1.754e+00,-5.801e-01
6.399e-01,2.132e-01
-1.348e+00,4.569e-01
-3.895e-01,-3.938e-02
-6.901e-02,-5.275e-01
-9.291e-01,7.323e-01
-3.914e-01,1.042e+00
-1.557e+00,3.611e-01
-9.950e-02,-1.101e+00
-1.276e-01,-3.785e-01
-5.795e-01,-5.677e-01
-1.256e+00,1.573e+00
-1.532e+00,8.227e-01
-9.293e-01,8.858e-01
-1.135e+00,1.258e+00
1.048e+00,-1.543e+00
1.447e+00,-1.646e+00
-1.323e+00,1.284e+00
-3.397e-01,1.606e+00
2.125e-01,-1.701e+00
-8.609e-01,1.003e+00
1.933e+00,5.862e-01
-1.914e+00,-7.640e-02
-1.500e+00,1.338e+00
-1.198e+00,1.314e+00
1.035e+00,-1.422e+00
9.381e-01,-6.700e-01
-5.640e-01,1.626e+00
6.200e-01,2.632e-01
-1.127e-01,-3.939e-01
-4.241e-01,-8.595e-01
2.012e+00,-5.725e-02
-9.741e-01,1.748e+00
-3.613e-01,1.708e+00
1.836e+00,1.871e-01
3.369e-01,-1.417e+00
-6.336e-01,8.574e-01
-8.360e-01,1.130e+00
-5.335e-01,1.663e+00
1.453e+00,8.260e-01
-1.255e+00,3.708e-01
-4.649e-01,2.101e-01
2.924e-01,1.917e-02
1.634e-01,-2.229e-01
-5.582e-02,-9.509e-01
1.373e-01,-3.884e-01
6.687e-02,-1.513e+00
-1.721e+00,1.373e+00
-6.131e-01,1.224e+00
5.295e-01,3.764e-01
1.734e+00,-6.775e-01
-5.379e-01,5.393e-01
-7.896e-01,7.571e-01
-7.256e-02,-5.387e-01
-9.006e-01,1.071e+00
1.817e+00,3.919e-01
-5.699e-01,-5.089e-01
3.679e-01,-1.375e+00
8.982e-01,-1.370e-01
4.360e-02,6.130e-01
5.945e-02,-2.261e+00
-5.867e-01,-2.740e-01
-1.676e+00,-7.461e-01
3.340e-01,1.312e+00
-3.596e-01,-1.566e+00
9.469e-01,-4.211e-02
1.273e-01,2.133e+00
1.102e+00,-2.550e-01
-6.269e-01,-1.171e-01
-1.360e-01,-2.695e-01
2.182e-01,-1.224e-01
-1.614e-02,-1.559e+00
-1.408e+00,-6.989e-01
1.897e+00,6.608e-01
1.202e+00,-3.121e-01
9.215e-02,1.073e+00
1.246e+00,-1.900e+00
2.830e-02,1.225e+00
-1.596e+00,1.425e+00
-7.005e-01,5.805e-01
-3.144e-02,-1.979e+00
-1.132e-01,7.791e-01
6.200e-01,4.746e-01
-5.523e-01,3.573e-01
3.980e-01,1.016e+00
4.476e-01,-2.225e+00
-8.705e-01,1.601e+00
-1.324e+00,1.366e-01
-8.194e-01,1.079e+00
4.094e-01,5.269e-01
1.245e+00,-1.200e+00
-3.270e-01,-1.452e-01
4.755e-01,2.433e-01
-6.179e-01,9.595e-01
-5.386e-01,1.659e+00
1.636e+00,-6.648e-01
-3.305e-01,-1.063e+00
3.413e-01,7.239e-01
1.654e+00,9.615e-01
3.318e-02,-2.058e+00
-1.929e+00,3.057e-01
-1.458e+00,1.903e+00
-7.851e-01,-9.212e-01
-1.157e+00,9.701e-01
2.336e-01,-1.657e+00
-2.067e-01,-7.656e-01
-1.399e+00,6.097e-01
-2.936e-01,9.535e-01
-2.082e-01,6.712e-01
1.691e+00,3.381e-01
-1.121e+00,4.658e-01
1.775e-01,4.751e-01
1.085e+00,-5.561e-01
-1.540e+00,3.692e-01
-2.199e-01,9.761e-01
-1.731e+00,3.735e-01
-1.025e+00,1.290e+00
1.466e+00,-1.294e+00
-3.591e-01,-1.253e+00
6.466e-01,6.354e-01
1.473e+00,-7.295e-01
-1.526e-01,1.759e+00
-1.037e-01,-1.272e+00
-1.493e+00,-7.981e-01
9.226e-01,-1.154e+00
8.006e-01,-1.340e+00
2.487e-02,1.387e+00
-1.883e+00,8.875e-01
8.871e-01,-2.241e-01
4.615e-02,-1.358e+00
-6.878e-01,1.752e+00
-1.175e+00,1.626e+00
9.303e-01,1.600e-05
2.320e-02,8.295e-01
5.511e-01,6.848e-01
1.486e+00,-1.361e+00
1.664e+00,-1.840e-01
4.641e-01,6.805e-01
-8.031e-01,-1.238e-01
-1.247e+00,3.316e-01
-1.588e-01,-2.088e-01
8.771e-01,-8.371e-01
-5.502e-01,-3.231e-01
3.105e-01,-1.833e+00
-5.173e-01,-3.728e-01
6.854e-01,8.585e-01
1.394e+00,-8.863e-01
1.221e+00,-8.534e-02
-7.467e-01,-1.430e-01
1.715e+00,2.081e-02
-9.977e-01,1.763e+00
4.258e-01,-2.503e+00
1.235e+00,-9.677e-01
-2.623e-02,1.984e-01
-1.199e+00,8.537e-01
-2.601e-02,1.387e+00
3.995e-01,-1.776e+00
-6.480e-01,7.445e-01
1.393e+00,-9.436e-01
-5.362e-01,-5.532e-01
-1.660e+00,-6.648e-01
-1.003e+00,6.549e-01
5.313e-01,-1.209e-01
-1.365e+00,1.013e+00
7.740e-01,3.312e-01
-2.423e-01,-1.314e+00
2.547e-01,-1.864e+00
1.868e+00,-8.607e-02
1.344e+00,5.696e-01
6.022e-02,1.166e+00
-9.913e-01,1.357e+00
-7.069e-01,1.164e+00
-4.392e-01,1.398e+00
1.487e+00,-5.710e-01
-1.670e+00,3.879e-01
-4.697e-01,7.080e-01
1.562e+00,-3.133e-01
-7.023e-02,-5.375e-01
3.915e-01,3.179e-01
3.200e-01,-1.062e+00
-3.199e-02,9.533e-01
-5.492e-01,1.856e+00
-1.068e+00,1.181e+00
-1.957e+00,-3.564e-01
-5.093e-01,6.540e-01
1.994e+00,1.461e-02
6.177e-01,-9.950e-01
-1.206e+00,1.175e+00
7.818e-01,4.906e-01
6.155e-01,-7.841e-02
1.775e+00,4.711e-01
-9.126e-01,6.159e-01
4.408e-01,-5.142e-01
3.333e-01,-4.361e-01
1.002e+00,5.364e-02
1.281e+00,-1.000e+00
-3.841e-03,3.750e-01
6.521e-01,-7.786e-02
-4.366e-01,1.639e+00
-1.714e-01,-5.658e-01
2.184e+00,-8.606e-01
-1.425e-01,-1.813e+00
3.897e-01,3.549e-01
-1.451e+00,-3.633e-01
7.940e-01,5.078e-01
-1.283e-01,-5.764e-01
-8.498e-01,5.929e-01
-3.359e-01,-5.233e-01
-1.554e+00,-7.135e-01
-3.421e-01,-1.175e+00
-3.795e-01,1.124e+00
4.002e-01,3.971e-01
6.665e-01,-9.701e-01
-4.298e-01,1.453e+00
-2.220e-01,1.933e+00
2.523e-01,-1.613e+00
1.760e+00,-2.498e-01
1.417e+00,-1.127e+00
-1.105e+00,1.308e+00
-1.637e+00,6.152e-01
6.887e-01,6.068e-01
1.328e+00,-4.149e-01
-7.754e-01,-2.504e-01
1.081e+00,-5.607e-01
2.063e+00,-1.590e-01
-5.007e-01,-2.951e-01
-1.784e+00,9.914e-01
2.141e+00,-4.098e-01
1.672e-01,-5.775e-01
-9.633e-01,1.325e+00
1.278e+00,-9.336e-01
2.688e-01,-2.242e-02
-5.262e-01,-8.497e-01
-1.734e+00,-3.858e-01
1.594e+00,-6.113e-01
-5.082e-01,2.175e+00
-6.420e-01,1.023e-01
1.347e+00,-1.388e+00
-7.788e-01,1.502e+00
5.668e-01,-5.159e-01
-6.392e-01,1.544e+00
3.023e-01,1.808e+00
-1.853e+00,2.371e-01
9.115e-01,-7.073e-01
5.476e-01,3.217e-01
-2.020e+00,-5.675e-01
-2.091e+00,1.928e-01
-6.948e-01,2.195e+00
-1.770e+00,-6.290e-02
-6.359e-01,2.718e-01
-1.255e+00,7.206e-01
7.895e-01,4.292e-01
-1.646e-01,-2.796e-01
1.461e+00,-9.828e-01
3.970e-01,1.146e+00
1.279e+00,-1.164e+00
-7.452e-01,7.735e-01
1.329e+00,-5.821e-01
-1.029e+00,1.573e+00
-1.437e+00,3.254e-01
-5.347e-01,-4.117e-01
8.416e-01,-1.070e-01
-1.186e+00,-1.027e+00
5.247e-03,2.099e-02
-3.517e-01,-8.732e-01
2.021e+00,-3.128e-01
-1.397e+00,8.618e-01
-4.453e-01,1.380e+00
-4.386e-01,-7.169e-01
5.284e-01,-7.496e-01
9.048e-01,-7.541e-01
3.936e-01,-1.204e+00
3.650e-01,-1.097e+00
-1.758e+00,4.352e-01
-9.160e-01,1.465e-01
-1.169e+00,4.509e-01
3.628e-02,-5.257e-01
-2.900e-01,-3.166e-01
-3.648e-01,7.213e-01
-7.686e-01,6.533e-01
-1.293e+00,-4.184e-01
-6.787e-01,-6.677e-01
-1.697e+00,1.447e+00
8.139e-01,9.484e-01
-2.222e-01,8.426e-01
-6.889e-01,7.642e-01
1.267e+00,-6.861e-01
6.809e-01,-5.212e-01
-4.577e-01,-3.089e-01
1.355e+00,-9.500e-02
-3.606e-01,1.705e-01
-1.664e+00,2.439e-01
2.480e-01,-1.723e+00
-1.256e+00,7.372e-01
-1.171e+00,6.619e-01
-1.626e+00,1.123e+00
1.190e+00,-1.269e+00
-1.597e+00,1.361e+00
4.426e-01,-1.847e+00
-5.531e-01,3.292e-01
-1.501e+00,1.368e+00
7.064e-01,2.530e-01
-2.237e-01,-1.153e+00
-2.572e-01,-1.956e+00
4.226e-01,-8.026e-01
2.802e-01,-1.411e+00
7.075e-01,2.683e-01
-1.066e+00,7.290e-01
-1.482e+00,8.331e-01
3.686e-01,-5.791e-01
-6.899e-01,-8.189e-01
1.550e+00,-4.211e-02
1.491e+00,-1.060e+00
1.344e+00,-1.540e+00
6.588e-01,-8.046e-01
-2.035e+00,-5.944e-02
1.979e+00,-7.155e-01
-5.737e-01,-1.389e+00
6.809e-01,-1.469e+00
1.577e+00,-1.187e-01
-1.557e-01,1.433e+00
1.660e+00,-4.964e-01
-1.134e+00,-3.697e-01
3.674e-01,1.080e+00
7.330e-01,-1.168e+00
-3.115e-01,-2.132e-02
-1.542e+00,5.926e-01
1.595e+00,-3.410e-01
4.655e-01,5.865e-01
7.674e-01,-8.814e-01
-2.213e-01,-1.162e+00
3.057e-01,8.010e-01
-8.631e-01,9.491e-01
1.089e+00,-1.163e+00
1.632e+00,-1.895e-01
8.660e-01,-1.567e+00
-2.202e-01,2.922e-01
-7.788e-02,-5.226e-01
1.655e+00,-1.311e-01
3.267e-01,9.931e-01
-5.452e-01,1.618e-01
-8.751e-01,-9.679e-01
1.196e+00,-8.625e-01
1.885e+00,-2.380e-01
1.040e+00,-1.775e+00
-5.312e-01,7.687e-01
-1.735e+00,3.549e-01
5.701e-01,-5.904e-01
1.350e+00,3.876e-01
7.530e-01,-1.490e+00
-1.374e+00,2.573e-02
-5.370e-01,-7.950e-02
1.478e+00,-9.290e-01
-1.724e+00,-2.316e-01
1.431e+00,-4.564e-01
-1.363e-01,4.977e-01
-2.342e-01,1.728e+00
3.210e-01,1.466e+00
1.296e+00,5.039e-01
-7.921e-01,1.380e+00
1.552e+00,-1.731e-02
9.148e-01,-9.971e-01
-1.140e-01,1.416e+00
-1.708e+00,6.055e-01
-7.869e-01,1.984e+00
-1.399e+00,9.805e-01
4.420e-01,-1.774e+00
1.472e+00,-3.040e-01
1.308e-01,-9.155e-01
8.117e-01,-9.358e-01
2.514e-01,-1.255e-01
-4.499e-01,-1.091e+00
-4.979e-01,4.056e-01
1.943e-02,-1.511e+00
-8.369e-01,1.995e+00
1.570e+00,-6.894e-01
4.330e-01,-3.049e-01
-9.342e-01,-1.008e+00
1.165e+00,-4.758e-01
1.160e+00,-5.026e-01
-1.833e+00,3.456e-01
3.551e-02,9.788e-01
-1.531e+00,4.532e-01
1.324e+00,-9.033e-01
-1.006e+00,-8.940e-01
3.479e-01,-4.256e-01
-1.052e+00,-1.436e+00
9.713e-02,-1.165e+00
-4.671e-01,1.398e+00
1.385e+00,-8.258e-01
1.237e+00,-1.051e+00
-4.696e-02,6.544e-01
-2.802e-01,1.874e+00
-1.263e+00,1.868e-01
-2.823e-01,5.307e-01
-4.210e-01,1.263e+00
-1.381e-01,3.611e-01
-6.261e-01,1.455e+00
9.658e-02,2.657e-01
-1.107e+00,1.340e+00
4.870e-02,-6.644e-01
-1.199e+00,3.243e-01
2.232e-02,-6.000e-01
-1.882e+00,9.767e-01
6.399e-01,8.318e-02
-1.183e+00,1.165e+00
-5.250e-01,1.446e+00
3.557e-01,-1.854e+00
-1.242e+00,1.453e+00
8.727e-01,1.653e-01
3.792e-01,7.025e-01
-1.836e+00,1.848e-01
1.477e+00,-3.626e-01
1.407e+00,3.538e-01
9.015e-01,8.482e-02
-2.509e-01,1.607e-02
-7.149e-01,-4.712e-01
-2.349e-01,-1.059e+00
1.715e-01,-8.519e-01
3.830e-01,-2.125e+00
2.501e-01,-2.859e-01
-7.554e-01,-3.682e-01
-8.472e-01,-4.861e-01
-1.998e-01,-5.088e-01
-8.951e-01,1.590e+00
1.980e+00,-2.655e-01
1.734e+00,-9.841e-01
-7.058e-01,1.311e+00
-1.109e+00,-2.137e-01
-2.138e+00,4.881e-01
-5.538e-02,5.512e-01
-1.832e+00,1.061e+00
-5.148e-01,2.131e+00
2.207e-01,-1.345e+00
-3.193e-01,-1.541e+00
1.460e-01,3.394e-01
1.154e+00,-1.839e+00
-5.956e-01,-8.552e-02
4.186e-01,-1.681e+00
1.365e+00,-1.365e+00
2.857e-01,-5.848e-01
1.553e+00,-6.669e-01
9.724e-01,7.633e-01
-1.530e+00,7.279e-01
1.787e-01,-5.686e-01
1.628e-01,4.753e-01
-1.297e+00,3.817e-01
-1.010e+00,9.847e-01
5.009e-01,-1.763e+00
