1.589e+00,-2.422e-01
-2.739e-01,-4.422e-01
5.670e-01,2.793e-01
7.461e-01,7.690e-01
1.616e+00,3.481e-01
1.185e+00,-3.080e-01
-1.797e+00,1.106e-01
1.505e+00,-5.135e-01
1.301e+00,-5.722e-01
1.738e+00,5.801e-01
-1.934e+00,7.145e-01
8.285e-01,-8.212e-01
4.500e-01,-1.292e+00
7.659e-01,-1.662e+00
3.922e-01,2.953e-01
2.963e-01,8.275e-01
-1.594e+00,-2.195e-02
-8.439e-02,-1.614e+00
-1.654e-01,1.962e+00
1.981e+00,-4.329e-01
-9.526e-01,-1.730e-01
4.643e-01,-5.343e-01
1.484e+00,-1.718e+00
1.177e+00,-6.512e-01
-4.974e-01,2.411e+00
1.224e+00,-4.376e-01
7.901e-01,8.432e-01
4.038e-01,6.086e-01
1.701e+00,-9.903e-01
-2.873e-01,5.249e-01
-7.710e-01,9.485e-01
-1.216e+00,1.847e-01
6.274e-01,4.332e-01
-1.139e+00,1.338e+00
1.142e+00,-1.194e+00
1.256e+00,-1.049e+00
2.512e-01,-2.714e+00
-1.473e+00,1.002e+00
-5.468e-01,-3.352e-01
-1.545e+00,-4.705e-01
-1.913e+00,1.342e-01
-9.485e-01,1.860e+00
2.011e-01,-3.965e-01
4.136e-01,-1.806e+00
2.212e-01,-4.671e-01
4.685e-01,1.207e+00
8.021e-01,-7.196e-01
-8.917e-01,1.094e+00
-1.055e-01,-2.549e-01
-1.307e-01,-7.449e-01
2.144e-01,-1.595e-01
-1.275e+00,-4.555e-01
-6.655e-01,1.111e+00
-2.477e-01,1.264e+00
-9.272e-01,1.687e+00
6.395e-01,-7.818e-01
8.000e-01,-1.273e+00
1.869e+00,-9.181e-01
3.159e-01,-1.040e+00
1.180e+00,-1.053e+00
2.594e-02,-3.865e-01
-4.171e-01,1.799e+00
-2.753e-01,-6.489e-01
-1.171e+00,1.615e+00
-5.231e-01,-9.865e-02
5.955e-01,-4.297e-01
-5.857e-01,-6.396e-01
1.309e+00,-1.501e+00
3.807e-01,6.271e-01
1.664e+00,1.406e-02
-3.329e-02,1.606e+00
4.859e-01,4.330e-01
1.779e+00,-1.305e-01
-9.843e-01,1.582e+00
5.725e-01,-1.692e+00
3.873e-01,4.593e-02
-8.091e-01,-3.901e-01
-2.251e-01,-1.118e+00
-8.000e-02,-7.855e-01
9.131e-01,-1.021e+00
-2.007e-01,1.719e+00
-1.292e+00,2.699e-01
7.463e-02,7.681e-01
8.956e-01,-3.465e-01
2.173e-01,-1.349e+00
2.176e-01,8.718e-01
1.799e+00,-1.118e+00
1.293e+00,-8.273e-01
-4.742e-01,1.343e+00
1.769e+00,-3.960e-02
1.160e+00,-2.273e+00
3.883e-01,-1.070e+00
-8.990e-01,1.179e+00
1.446e+00,2.787e-01
3.005e-01,-6.732e-02
1.510e+00,-1.125e-01
-1.830e+00,-8.304e-01
-1.400e+00,7.838e-01
2.255e-01,6.626e-01
1.379e+00,-8.934e-01
-1.521e+00,4.584e-01
8.430e-02,1.134e+00
6.923e-01,-7.719e-01
5.857e-01,-1.493e+00
-1.685e+00,-2.519e-01
-1.583e+00,4.820e-01
-2.411e-01,-1.921e-01
-8.692e-02,1.458e+00
2.309e-02,-1.234e+00
-8.432e-01,1.372e+00
7.923e-01,-1.095e+00
1.242e+00,-7.692e-01
4.858e-02,1.330e+00
-1.473e-01,1.955e+00
-1.456e+00,-7.510e-01
3.626e-01,-1.660e+00
-1.485e-01,-6.535e-01
-5.901e-02,-1.110e+00
-2.087e-02,-1.197e+00
-1.086e-01,-2.213e-02
8.439e-01,7.294e-01
-1.721e+00,1.417e+00
-3.961e-01,1.684e-01
-4.566e-01,2.344e+00
7.353e-02,4.943e-01
9.582e-01,-1.048e+00
1.038e+00,-1.801e+00
-1.917e+00,6.317e-03
-3.651e-01,7.280e-01
-4.168e-01,3.608e-01
-1.474e+00,1.136e+00
-3.714e-02,1.406e+00
5.769e-01,-8.750e-01
8.681e-01,-1.641e+00
7.472e-01,-8.486e-01
-4.850e-01,7.881e-01
-1.502e+00,9.489e-01
-1.026e+00,1.451e+00
8.331e-02,1.876e+00
-1.527e+00,1.437e+00
6.353e-02,1.916e+00
-2.222e-01,2.600e+00
5.900e-01,1.029e+00
-1.079e+00,5.326e-01
-4.806e-01,1.258e+00
4.968e-02,1.187e+00
-1.591e+00,1.773e+00
3.665e-01,6.122e-01
1.640e+00,-4.591e-01
4.261e-01,-4.209e-01
-1.688e+00,-1.258e-01
-1.161e+00,5.511e-01
-1.291e+00,1.226e+00
1.703e+00,-6.298e-01
1.171e+00,-6.761e-01
7.868e-01,-9.298e-01
5.758e-01,-9.139e-01
-1.615e-02,1.579e+00
-6.072e-01,1.674e+00
-4.160e-01,-7.593e-01
-4.325e-01,-4.302e-02
-5.335e-01,1.144e+00
-1.504e+00,-5.054e-01
1.600e-01,1.609e+00
1.004e+00,1.338e+00
5.229e-01,-1.596e+00
-1.046e-01,-2.218e-01
-2.948e-01,-5.069e-01
-1.643e+00,8.297e-03
-4.347e-01,1.685e+00
-6.987e-01,-2.587e-01
-1.053e+00,2.109e-01
1.608e+00,2.323e-01
6.340e-01,-1.167e-01
-1.229e+00,9.390e-01
1.005e+00,-1.630e+00
1.218e+00,-1.889e-02
-3.143e-01,3.441e-01
1.341e+00,3.548e-02
4.328e-01,1.228e-01
1.309e+00,1.168e+00
3.738e-01,-2.828e-01
1.119e+00,-7.855e-01
1.118e+00,-8.956e-01
4.272e-01,1.689e+00
-8.967e-02,-1.285e+00
9.505e-01,-1.859e+00
-7.607e-01,-2.105e-01
6.296e-01,1.856e+00
1.844e+00,6.066e-01
-1.264e+00,5.744e-01
-7.958e-01,6.396e-01
9.175e-01,-6.636e-01
-4.796e-01,1.301e+00
1.743e-01,4.064e-01
2.033e-01,-1.654e+00
1.625e+00,-5.964e-01
-1.334e+00,1.345e+00
3.100e-02,-9.080e-01
-1.322e+00,-4.008e-01
6.648e-01,-2.681e-01
2.134e+00,1.244e-01
2.966e-01,-3.954e-01
-2.304e-01,-1.142e+00
8.670e-01,-1.159e+00
-1.481e+00,5.897e-01
-7.785e-01,1.188e+00
-7.093e-01,2.737e-01
-1.122e+00,1.272e+00
5.161e-01,-1.330e+00
-7.940e-01,1.214e+00
2.091e-01,-1.028e+00
1.415e+00,-1.490e+00
7.285e-01,-2.287e+00
-1.446e+00,-5.642e-01
-7.439e-01,2.042e+00
5.152e-01,9.496e-01
5.846e-01,-1.554e+00
-1.398e-01,1.433e+00
-9.709e-01,1.024e+00
-7.216e-01,1.501e+00
-1.215e+00,9.768e-01
8.912e-01,-1.998e-01
1.301e-01,6.669e-01
4.042e-01,9.235e-01
-1.643e-01,-5.700e-01
3.746e-01,-5.139e-01
-3.412e-01,5.306e-01
-1.207e+00,1.413e+00
2.043e-01,7.616e-01
-2.662e-01,5.465e-01
7.362e-01,-2.339e+00
5.200e-01,-9.289e-01
3.737e-02,8.938e-01
3.202e-01,-6.179e-01
-4.143e-01,1.055e+00
1.883e-01,-1.727e-02
2.350e-01,1.836e+00
-6.261e-01,2.535e-01
-8.436e-01,1.437e+00
6.780e-01,8.954e-01
2.899e-01,5.414e-01
-7.813e-02,-8.941e-01
8.670e-01,-1.612e+00
-6.274e-01,9.076e-02
-9.468e-01,1.305e+00
-1.209e+00,1.086e+00
8.000e-01,-9.348e-03
9.826e-02,8.284e-01
1.130e+00,-4.343e-01
5.802e-01,-1.941e-01
4.836e-02,9.175e-01
5.540e-01,-9.425e-01
1.622e+00,-3.404e-01
4.164e-01,-1.042e+00
8.639e-02,6.158e-01
-9.000e-02,-5.615e-01
4.187e-01,3.475e-01
-8.110e-02,-1.327e+00
-4.113e-01,1.698e+00
-1.382e+00,1.465e+00
9.318e-01,-1.303e+00
-1.661e+00,-5.801e-01
4.729e-01,-2.409e-01
-5.604e-02,-1.240e+00
3.187e-01,-1.515e+00
-1.883e+00,-1.154e+00
-9.270e-01,1.464e+00
1.664e+00,-9.596e-01
1.365e+00,1.604e-02
-1.851e+00,3.868e-01
1.624e+00,-2.013e-01
-1.216e+00,-5.760e-02
-1.250e+00,1.098e+00
5.824e-01,-4.158e-02
1.562e+00,-4.992e-01
6.219e-01,-8.066e-01
-5.825e-01,1.543e+00
-5.762e-01,1.694e+00
-1.284e+00,1.530e+00
-1.017e+00,5.915e-01
6.067e-02,5.711e-01
1.318e+00,-1.720e+00
1.754e+00,1.941e-01
2.583e-02,1.023e+00
-8.761e-01,7.726e-01
2.052e-01,-7.327e-02
2.495e-01,-9.807e-01
-1.247e+00,4.433e-01
-1.784e+00,-2.263e-01
1.673e+00,-5.306e-01
6.714e-01,-3.372e-01
2.551e-01,-4.205e-01
5.242e-01,5.162e-01
-2.561e-01,-1.257e+00
-1.214e+00,1.174e+00
2.358e-01,1.293e+00
4.880e-01,2.139e-01
-4.588e-01,1.302e+00
9.087e-01,-6.775e-01
-1.712e+00,-2.171e-01
-2.757e-01,-6.483e-01
2.907e-01,-1.658e+00
1.896e+00,1.529e-01
-7.162e-01,1.624e+00
-3.707e-01,-4.156e-01
1.929e+00,6.681e-02
-4.538e-02,-1.624e-01
3.683e-01,2.290e-01
6.791e-01,-8.457e-01
-7.425e-01,-8.061e-01
-3.174e-01,-4.046e-01
-1.426e+00,3.412e-01
-2.186e-02,1.032e+00
6.857e-01,-7.728e-01
1.499e+00,-6.252e-01
-9.797e-01,1.858e-01
-1.442e+00,-2.465e-02
-1.089e+00,-1.137e+00
8.120e-01,7.776e-01
-9.938e-01,7.820e-01
1.480e+00,1.876e-01
-1.343e+00,-1.761e-01
2.949e-01,-1.152e+00
-1.096e-01,1.510e+00
1.026e+00,-6.468e-01
3.826e-01,6.005e-01
1.440e+00,-8.853e-01
-1.627e+00,-1.815e-01
4.997e-01,-1.246e-01
3.101e-01,-3.232e-01
6.758e-01,-1.497e+00
1.444e-01,-1.566e-01
1.421e+00,-6.275e-01
1.638e-02,1.537e+00
-9.986e-01,3.819e-01
1.449e+00,-7.535e-01
9.857e-01,-1.348e+00
8.461e-01,-1.611e+00
1.204e+00,3.057e-01
9.769e-01,2.202e-01
-1.424e+00,-4.328e-01
1.574e+00,-1.282e+00
1.654e+00,6.197e-01
-1.502e+00,1.005e-01
7.604e-01,6.568e-01
-6.384e-02,9.440e-01
-1.640e+00,8.007e-01
8.549e-01,1.190e-02
-2.199e-01,1.703e+00
-1.812e-01,1.192e+00
2.165e+00,6.680e-01
-5.710e-01,9.249e-01
2.938e-01,-1.758e+00
-3.324e-01,3.855e-02
3.008e-01,3.381e-01
-3.381e-01,1.604e+00
-1.608e+00,-9.883e-02
-1.210e+00,1.042e+00
7.659e-01,-1.281e+00
1.208e+00,-5.767e-01
2.421e-01,1.195e+00
1.647e+00,-6.626e-01
2.686e-01,-2.071e+00
-1.118e+00,2.811e-01
-8.803e-01,-2.303e-02
-1.516e+00,-7.907e-03
-4.172e-01,-1.095e+00
-2.662e-01,2.706e-01
1.491e-01,-7.803e-01
-7.259e-01,-5.242e-01
-1.909e-01,1.171e+00
5.703e-01,1.590e-01
-5.293e-01,-1.280e+00
-9.644e-01,5.355e-01
8.890e-01,-7.335e-01
2.456e-01,-1.847e+00
3.440e-01,2.216e-02
3.140e-01,1.057e+00
-3.795e-01,-1.136e+00
2.672e-01,-1.581e+00
-1.724e-01,3.652e-01
1.044e+00,-6.085e-01
2.664e-01,-2.204e-01
-7.460e-01,8.302e-01
1.824e+00,-2.378e-01
-9.139e-01,1.350e+00
7.670e-01,5.578e-01
1.201e+00,-5.510e-01
1.000e+00,-9.409e-01
-4.559e-01,-1.844e-01
-4.002e-01,-1.229e+00
2.262e-01,-1.116e-01
-3.309e-01,4.579e-01
-1.086e+00,6.573e-02
-1.556e+00,-1.579e-01
-4.939e-01,1.092e+00
7.318e-01,1.272e+00
-5.815e-01,-2.474e-01
-3.753e-01,1.757e+00
-4.607e-03,-1.060e+00
-2.112e+00,-5.004e-02
-1.195e+00,-2.443e-01
-1.917e+00,-4.756e-01
4.686e-01,5.979e-02
-9.220e-02,-1.002e+00
3.252e-01,-1.226e+00
-1.619e+00,-4.503e-01
1.388e+00,-2.105e+00
1.408e+00,-1.436e+00
1.862e+00,1.909e-01
-1.405e+00,5.529e-01
-5.328e-01,-3.038e-01
3.304e-01,-7.715e-01
7.549e-01,-1.283e+00
7.659e-01,-6.683e-01
5.067e-01,-5.305e-01
-5.615e-02,5.888e-01
6.076e-01,-1.943e+00
6.803e-02,-1.606e-01
2.731e-01,-1.442e-01
-6.262e-01,1.438e+00
1.162e+00,-1.257e+00
-4.454e-01,6.663e-02
4.225e-01,-1.342e+00
1.157e+00,-1.464e+00
-4.273e-01,-1.649e+00
4.770e-01,-1.197e+00
-1.857e-01,-9.240e-01
-5.549e-02,1.000e+00
4.863e-01,-5.288e-01
-3.135e-01,8.733e-01
1.459e+00,-1.100e-01
5.835e-01,-1.627e+00
6.901e-01,-8.605e-02
-4.981e-01,5.637e-02
-1.479e-01,-9.461e-01
-1.075e+00,7.787e-01
-7.985e-01,7.221e-02
1.358e+00,-1.224e+00
-9.141e-01,1.714e+00
2.320e-02,6.579e-01
-4.769e-01,1.957e+00
-6.039e-01,1.842e+00
6.186e-01,-1.065e+00
3.762e-01,3.081e-01
-7.077e-01,7.314e-01
-5.151e-01,-4.176e-02
6.175e-01,1.379e-01
1.785e-01,-1.927e+00
-1.612e-01,2.170e-01
-1.900e+00,-1.483e-01
7.395e-01,4.937e-01
1.551e-01,6.858e-01
2.116e-01,-1.594e+00
-4.928e-01,8.106e-01
1.660e+00,-6.708e-01
-1.266e+00,-8.235e-01
-5.506e-01,-3.257e-02
9.901e-01,-1.003e+00
-1.291e+00,1.142e+00
-1.644e+00,1.139e+00
3.404e-01,1.129e-01
-1.082e+00,4.221e-01
1.459e+00,2.694e-01
1.503e+00,2.980e-01
-8.557e-01,-1.251e+00
4.300e-01,-2.742e-01
1.458e+00,5.009e-01
8.428e-01,-6.300e-01
-7.950e-01,4.910e-01
-6.725e-02,6.197e-01
-3.190e-01,4.143e-02
3.322e-01,-7.418e-01
4.239e-01,4.008e-01
1.290e-01,2.280e-01
3.718e-01,1.231e+00
-1.074e+00,8.110e-01
-1.577e-01,1.074e+00
3.789e-01,5.576e-01
-1.237e-01,-5.718e-01
-2.924e-01,1.518e+00
3.897e-01,7.521e-01
-6.430e-01,1.489e+00
-1.050e+00,5.877e-01
9.307e-01,-4.202e-01
-1.292e-01,-2.657e-01
-1.553e+00,-4.253e-01
1.341e+00,-4.086e-01
3.531e-01,-1.859e+00
2.333e-01,-7.611e-01
-1.954e-01,-9.305e-01
3.119e-01,-1.852e+00
-1.611e+00,-1.025e+00
-1.633e+00,2.321e-01
1.943e+00,2.198e-02
8.549e-01,4.730e-01
-7.542e-01,8.272e-01
1.271e+00,1.954e-01
9.747e-01,-1.878e+00
1.153e+00,-2.891e-01
9.890e-01,-9.605e-01
-1.696e+00,6.235e-01
9.175e-01,-2.088e+00
-1.136e+00,6.466e-01
-1.530e+00,-1.476e-01
8.549e-01,6.429e-02
1.057e+00,-6.748e-01
-3.109e-02,-1.262e+00
-1.801e-01,3.086e-01
1.912e+00,8.012e-01
5.606e-02,-6.748e-01
-2.573e-01,8.302e-02
4.026e-01,-2.681e-01
4.653e-01,-8.806e-01
-2.069e-01,1.044e+00
-4.347e-01,1.817e+00
1.393e+00,-6.329e-01
-1.469e+00,-2.607e-01
-6.036e-01,6.415e-01
-3.802e-02,9.291e-01
1.170e+00,-1.714e+00
6.813e-01,1.357e+00
-3.659e-02,6.927e-01
-1.645e+00,5.065e-01
-3.553e-01,1.374e-01
-2.191e-01,1.649e+00
8.186e-01,-1.113e+00
-1.829e+00,8.297e-01
1.786e+00,3.041e-01
-3.846e-01,9.986e-01
8.837e-02,-8.425e-02
1.630e-01,-1.135e+00
1.589e+00,2.578e-01
-7.437e-01,1.176e+00
4.118e-01,9.192e-01
-4.341e-01,1.775e+00
-2.321e+00,1.140e-01
-1.431e+00,6.541e-01
1.499e+00,-2.499e-01
4.788e-01,-8.572e-01
-1.619e+00,1.191e+00
1.237e+00,-1.272e+00
-6.983e-01,-1.242e+00
6.681e-01,-7.367e-03
-7.005e-01,1.319e+00
1.001e+00,-5.748e-01
-1.179e+00,1.167e+00
1.065e+00,-5.587e-01
-6.898e-01,8.234e-01
-1.320e+00,-3.364e-01
-2.012e+00,-4.091e-01
1.201e+00,-3.281e-01
1.211e+00,-1.897e+00
-1.309e+00,1.339e+00
1.190e+00,-1.375e+00
-4.112e-01,1.312e+00
-1.465e+00,1.555e+00
1.956e+00,-5.762e-01
4.630e-01,-9.202e-01
4.756e-01,-1.398e+00
6.670e-01,2.555e-01
1.271e+00,2.852e-01
-9.466e-01,1.281e+00
9.758e-01,-1.431e-01
1.716e+00,-1.239e+00
1.288e+00,-4.290e-01
1.082e+00,-1.592e+00
-1.884e+00,-5.724e-02
-1.274e+00,7.805e-01
1.052e+00,-1.014e+00
9.890e-01,-1.768e+00
-1.742e-01,-7.998e-01
3.992e-01,6.905e-01
6.208e-01,-6.188e-01
1.543e+00,3.932e-01
-1.976e+00,3.704e-01
1.279e+00,-9.764e-01
1.320e-02,-5.884e-01
4.478e-01,-1.250e+00
1.425e+00,6.504e-01
-1.338e-01,-1.217e-01
-4.051e-01,-3.266e-01
-1.483e+00,2.858e-01
-9.996e-01,6.084e-01
-8.497e-01,1.135e+00
3.527e-01,-9.595e-02
-1.059e+00,1.460e+00
2.706e-01,4.991e-01
6.428e-01,-1.361e+00
-7.453e-01,1.590e+00
-5.827e-01,-3.834e-02
-4.879e-01,-4.966e-01
-4.280e-01,-4.250e-01
-4.092e-01,1.581e+00
-7.570e-01,1.192e+00
1.090e+00,-5.755e-01
6.923e-01,-5.358e-01
1.565e-01,3.248e-01
-4.135e-01,7.593e-01
-3.627e-01,-2.740e-01
-1.042e-01,1.167e+00
8.780e-01,-6.894e-01
-1.310e+00,4.449e-01
5.911e-01,4.170e-01
-1.445e-01,1.541e+00
2.820e-01,5.836e-01
1.179e+00,-8.516e-01
3.157e-01,-1.191e+00
1.285e+00,-7.222e-01
4.155e-02,-1.071e+00
-1.107e-01,-1.506e+00
2.434e-01,-1.550e-01
-1.835e+00,5.115e-01
1.238e+00,-9.769e-01
-3.996e-01,1.426e+00
-5.760e-01,1.790e+00
1.636e+00,-1.492e+00
-9.269e-01,1.546e+00
1.375e+00,-1.170e+00
1.839e-01,-1.339e+00
-2.979e-01,6.682e-01
-1.196e+00,1.455e+00
-1.552e+00,-1.633e-01
9.000e-01,-1.530e+00
1.689e+00,-1.302e+00
3.678e-01,-1.443e+00
-1.110e+00,9.536e-01
-1.311e+00,8.603e-01
5.292e-01,-9.154e-01
-5.268e-01,6.945e-01
1.289e+00,-1.062e+00
1.707e+00,-1.131e+00
-1.197e-02,-8.147e-01
7.021e-01,-4.349e-01
-1.375e+00,-6.408e-02
-8.291e-01,-2.519e-01
2.276e-01,1.147e+00
2.248e+00,2.377e-01
-1.277e+00,7.449e-01
-1.193e+00,8.381e-01
2.715e-01,-1.085e+00
-3.516e-02,-1.596e+00
-1.802e+00,1.082e+00
4.945e-01,9.645e-01
-5.551e-01,8.471e-01
-3.578e-01,-8.975e-01
-5.349e-01,-1.401e+00
6.054e-01,-1.312e+00
-1.341e+00,1.694e+00
1.465e+00,2.650e-01
-1.416e+00,9.640e-01
6.208e-01,-1.892e+00
1.784e+00,-2.250e-01
1.222e+00,-1.271e+00
-1.254e+00,9.940e-02
4.264e-01,4.555e-01
1.858e-01,-1.048e+00
1.248e+00,-1.059e+00
1.763e-01,-8.138e-01
-1.074e+00,3.011e-01
3.113e-01,1.316e+00
-8.045e-01,-1.507e-01
5.769e-01,-1.817e-01
1.722e+00,-1.883e-01
1.890e+00,-2.531e-01
1.022e+00,-4.847e-01
-4.688e-01,1.263e+00
9.186e-01,-5.971e-01
-1.370e-01,1.219e+00
-1.374e+00,5.529e-01
5.121e-01,-1.871e-02
-1.245e+00,1.705e+00
8.901e-01,-1.641e+00
1.273e+00,-1.355e+00
-7.934e-01,6.897e-02
1.207e+00,-3.200e-01
-2.032e+00,-2.182e-01
-1.479e+00,1.743e-01
-9.639e-01,1.331e-01
-1.695e+00,1.087e+00
-9.587e-01,4.303e-01
1.648e+00,-1.055e+00
1.105e+00,-9.605e-01
1.933e-01,6.844e-01
1.665e+00,-1.142e+00
1.470e+00,-1.620e+00
9.989e-01,-7.713e-01
4.867e-01,-8.939e-01
-3.541e-01,-7.052e-01
-4.530e-01,-5.718e-01
-2.059e-01,1.011e+00
1.575e+00,-6.541e-01
-1.243e+00,9.590e-01
2.026e+00,-1.727e-02
8.263e-01,-1.371e+00
7.109e-01,1.532e+00
4.571e-01,-1.708e+00
-2.076e-02,-4.501e-01
-8.549e-01,8.673e-01
5.582e-01,6.588e-01
5.791e-01,5.461e-01
-7.686e-01,8.230e-02
-7.183e-01,-6.357e-01
-5.756e-01,-7.587e-01
-1.147e+00,5.196e-01
-3.383e-01,-8.198e-01
6.999e-01,-1.718e-01
-7.466e-01,-5.467e-01
1.917e+00,7.312e-02
-1.783e+00,-4.188e-01
-1.159e+00,2.429e-01
-7.341e-01,2.285e+00
-5.249e-01,-8.504e-01
-7.382e-01,1.426e+00
-8.658e-01,6.149e-01
-4.359e-01,-9.163e-02
1.743e+00,-3.436e-01
-3.075e-01,7.062e-01
1.436e-01,-1.503e+00
-1.169e+00,5.517e-01
-1.738e+00,6.210e-01
3.364e-01,1.075e+00
1.813e+00,-6.360e-01
1.312e+00,-2.315e-01
2.044e-01,-1.188e+00
4.989e-01,-2.777e+00
-8.561e-01,1.489e+00
1.796e+00,-1.934e-01
1.045e+00,-9.595e-01
-5.457e-01,6.961e-01
-2.052e+00,-2.240e-01
9.307e-01,-1.069e+00
3.930e-01,5.411e-01
-5.571e-01,7.059e-02
4.561e-01,5.186e-01
1.393e+00,8.500e-02
1.857e+00,3.653e-01
6.551e-02,-1.005e+00
-1.177e+00,1.437e+00
-1.337e+00,-7.758e-01
1.076e-01,-1.676e+00
1.452e+00,4.716e-01
1.642e+00,5.430e-01
-1.189e+00,1.198e+00
1.640e+00,-3.785e-01
-6.703e-02,7.654e-02
6.252e-01,1.658e-02
-1.686e+00,7.904e-01
-7.399e-01,6.972e-01
-1.454e+00,5.027e-01
7.287e-02,4.138e-01
-1.304e+00,6.105e-02
-4.155e-01,1.381e+00
-8.378e-01,8.268e-01
-1.193e+00,1.188e+00
-6.778e-01,1.889e+00
5.703e-01,1.851e+00
5.835e-01,-7.620e-01
1.784e+00,3.218e-01
6.439e-01,4.593e-01
-7.450e-02,5.378e-01
1.175e+00,-1.495e+00
1.767e+00,-6.393e-01
1.720e+00,-1.434e+00
-9.159e-01,-1.026e+00
1.503e+00,-1.637e-01
-8.505e-02,1.261e+00
-7.626e-02,3.909e-02
-7.515e-01,1.555e+00
1.498e-01,-1.421e+00
-9.710e-01,6.703e-01
7.989e-01,-1.438e+00
1.912e+00,1.548e+00
-7.507e-01,1.229e+00
1.618e+00,-7.890e-01
-6.904e-01,-5.330e-01
-1.944e-02,-1.064e+00
-1.846e-01,5.715e-01
-1.367e+00,1.858e+00
-9.392e-01,1.591e+00
-1.282e+00,2.290e-01
3.018e-01,7.629e-01
1.894e-01,-1.333e+00
-3.209e-01,-7.159e-01
8.791e-01,-1.533e+00
-1.516e+00,3.106e-01
-1.828e+00,-2.976e-01
-5.747e-01,-3.888e-02
4.914e-01,1.074e+00
-7.676e-01,7.794e-01
-1.255e+00,1.191e+00
1.785e-01,8.446e-02
-3.216e-01,-1.515e+00
-1.814e-01,8.027e-01
1.016e+00,-1.465e+00
5.399e-01,-1.451e+00
-1.010e+00,1.892e-02
1.318e+00,-8.293e-01
-8.789e-01,1.554e+00
3.459e-01,4.381e-01
-5.684e-01,-6.705e-01
1.235e+00,-2.920e-01
-1.397e+00,4.726e-01
-1.819e-01,8.950e-01
1.291e-01,1.464e+00
-5.257e-01,8.144e-01
-5.204e-01,-6.327e-01
-3.384e-02,-8.718e-01
-6.486e-01,-2.294e-01
8.021e-01,-1.267e+00
4.212e-01,-7.720e-01
-5.888e-01,-1.366e+00
1.290e+00,4.613e-01
-1.440e+00,-8.983e-02
-1.231e+00,1.631e+00
-1.402e+00,7.321e-01
-1.772e+00,-2.485e-01
1.623e+00,2.429e-01
1.758e-01,-1.314e+00
-1.949e+00,7.463e-01
-2.861e-01,-6.928e-01
-1.434e+00,5.119e-01
1.582e+00,-3.999e-01
-1.656e+00,-3.130e-01
8.584e-02,-1.532e+00
5.050e-01,2.112e-01
-7.482e-01,1.023e+00
-1.382e+00,-5.528e-01
-1.152e+00,7.922e-01
1.260e-01,-9.890e-01
-9.745e-01,9.397e-01
-3.455e-01,4.053e-02
-1.596e+00,1.240e+00
-1.660e+00,9.018e-03
-1.143e+00,6.228e-01
1.265e-02,1.196e+00
-2.059e-01,1.973e+00
-1.844e+00,-8.441e-01
-3.676e-01,-1.943e+00
3.814e-01,-1.496e+00
1.052e+00,-1.041e+00
1.580e+00,4.339e-01
-1.389e-01,-5.720e-01
1.101e+00,-1.376e+00
2.437e-01,1.284e+00
5.857e-01,1.846e-01
-3.289e-01,1.038e+00
1.134e+00,-1.041e+00
-7.951e-01,1.429e+00
1.415e+00,7.883e-01
-4.116e-01,2.009e+00
-1.327e+00,1.245e+00
1.611e+00,9.539e-01
-1.390e+00,1.410e-01
6.582e-01,-4.568e-01
-2.168e-01,1.628e-01
1.586e+00,-6.165e-01
8.395e-01,-1.311e+00
-2.715e-01,1.845e+00
-6.803e-01,1.572e+00
-4.874e-01,4.336e-03
8.395e-01,-1.541e+00
8.549e-01,-7.830e-01
2.872e-01,1.842e-01
6.692e-01,-4.034e-01
8.164e-01,1.388e-02
1.555e+00,4.761e-01
-1.828e-01,-7.877e-01
2.385e-01,1.264e+00
-1.174e+00,6.919e-01
-4.036e-01,1.154e+00
-2.903e-01,-1.275e+00
1.745e+00,1.563e-01
4.317e-01,-1.026e+00
-3.867e-01,-1.049e+00
-1.282e+00,-9.667e-02
-9.297e-01,2.706e-01
-1.858e-01,7.157e-01
-9.428e-01,1.165e+00
-1.165e+00,7.645e-01
1.046e+00,-1.056e+00
8.230e-01,-9.350e-01
9.802e-01,-1.230e+00
-2.231e-01,1.669e+00
-1.897e+00,5.477e-01
-8.437e-01,3.169e-01
3.781e-01,1.404e+00
-1.334e+00,2.949e-01
-6.907e-01,1.014e+00
2.163e-01,-1.293e+00
7.320e-02,-1.460e+00
1.592e-01,1.890e+00
-6.447e-01,1.564e+00
-4.922e-01,1.467e+00
6.758e-01,1.142e+00
-3.947e-01,-6.522e-01
-1.611e+00,-1.219e+00
-6.904e-01,1.546e+00
1.370e+00,-7.645e-01
-1.085e+00,2.130e+00
-6.131e-01,4.330e-01
2.826e-01,3.896e-01
-1.146e-01,-5.397e-01
9.868e-01,-4.322e-01
-1.147e-01,-5.920e-01
9.472e-01,-5.263e-01
-5.395e-02,7.134e-01
1.291e+00,2.224e-01
-8.120e-01,1.665e+00
6.681e-01,-1.652e+00
-1.365e-01,-1.120e+00
1.524e+00,-2.584e-01
-5.538e-02,-1.252e+00
-1.025e+00,5.155e-01
-3.906e-01,1.559e+00
-9.016e-01,6.561e-01
-1.445e+00,7.600e-01
2.304e-01,-3.661e-01
3.990e-01,-1.249e+00
-7.600e-01,9.130e-02
-8.156e-01,9.833e-01
-8.651e-01,1.817e+00
-6.009e-01,6.610e-01
-1.611e+00,5.600e-01
-1.327e+00,1.618e+00
-1.962e+00,-7.795e-02
-1.955e+00,-3.875e-01
-8.047e-01,-5.071e-01
-4.038e-01,9.894e-01
-4.511e-01,-1.823e+00
1.504e+00,-1.508e+00
1.248e+00,-1.596e+00
-7.560e-01,3.188e-02
-3.188e-01,-7.767e-01
-1.733e+00,6.244e-01
-1.122e+00,-4.196e-01
-8.571e-02,-4.253e-01
-1.267e+00,5.121e-01
-9.920e-01,1.223e-01
-7.033e-02,-3.391e-01
1.927e+00,-4.752e-01
1.436e+00,-1.153e+00
1.514e+00,-8.929e-01
1.429e+00,-8.275e-01
4.276e-01,-1.538e+00
-1.290e+00,7.769e-01
-9.103e-01,1.315e+00
-1.262e+00,-7.929e-01
1.599e+00,-5.746e-01
1.495e+00,-2.382e-01
-1.112e+00,1.039e+00
1.594e-01,-1.429e+00
-6.961e-01,9.572e-01
-1.125e-01,-1.579e+00
-8.402e-01,1.811e+00
1.166e+00,-3.139e-01
-1.500e+00,-8.401e-01
-1.116e+00,8.734e-02
5.221e-01,-1.842e+00
1.197e+00,-6.510e-01
1.868e-01,-1.018e+00
-1.290e+00,1.354e+00
8.791e-01,-1.745e+00
-1.271e+00,-2.434e-01
-1.660e+00,4.060e-01
5.703e-01,-1.569e+00
7.417e-01,-1.191e+00
-7.156e-01,1.055e+00
1.134e+00,-1.994e+00
-6.874e-01,7.203e-02
-2.146e+00,-7.993e-02
-1.653e+00,2.523e-01
-6.544e-01,1.272e+00
-1.370e-01,-6.953e-01
5.283e-03,-1.534e+00
8.065e-01,1.435e+00
-3.725e-02,-6.638e-01
2.282e-01,4.564e-01
-1.686e+00,1.088e+00
2.077e+00,1.482e-01
4.194e-01,-8.819e-01
-6.065e-02,-1.503e+00
4.258e-01,7.994e-01
5.659e-01,-2.861e-01
1.141e-01,-5.856e-01
-1.057e-01,9.382e-02
1.477e+00,-2.375e-01
1.336e-01,-1.755e+00
-2.564e-01,1.247e+00
-4.310e-01,1.273e+00
-1.167e+00,9.163e-01
-7.128e-01,3.394e-01
-1.490e+00,6.829e-01
-1.099e+00,2.110e+00
3.242e-01,-4.915e-01
1.529e+00,3.844e-01
-1.733e+00,3.142e-01
1.429e+00,-3.953e-01
-3.364e-01,9.476e-01
-1.603e-01,-1.015e+00
-4.498e-01,9.377e-01
8.351e-01,-1.475e+00
-6.369e-01,-6.349e-01
-1.007e+00,7.958e-01
6.417e-01,-1.371e+00
-4.645e-01,-5.166e-01
-1.561e+00,-3.364e-01
-5.450e-01,3.884e-01
-9.577e-01,7.289e-01
4.978e-01,6.017e-01
-3.585e-01,-8.893e-01
-2.262e-01,-4.723e-01
1.067e+00,-5.055e-01
-1.230e+00,8.992e-01
2.991e-01,-1.107e+00
6.912e-01,4.692e-01
-3.538e-02,-6.192e-01
-6.417e-01,-1.516e-01
-6.263e-02,1.225e+00
-1.522e-01,-1.375e+00
-8.440e-01,-1.914e-01
1.237e+00,-1.404e+00
-8.814e-01,2.659e-01
-1.527e+00,-1.872e-01
5.736e-01,-4.735e-01
-9.157e-01,2.040e+00
-8.209e-01,6.950e-01
-2.420e-01,1.545e+00
-7.176e-01,5.385e-01
8.551e-02,6.837e-01
-8.665e-01,1.422e+00
1.971e+00,-2.108e-01
-1.799e+00,4.455e-01
6.318e-01,1.568e-02
-3.557e-01,1.111e+00
3.495e-01,-1.116e+00
8.802e-01,-1.210e+00
-4.795e-01,1.178e+00
9.703e-01,-1.243e+00
-1.391e+00,8.174e-01
7.637e-01,-8.478e-01
5.418e-01,-1.683e+00
-1.432e+00,6.334e-01
1.368e+00,-5.444e-01
5.358e-01,-1.155e+00
1.437e+00,-5.931e-01
1.368e+00,4.157e-01
5.413e-01,-1.591e+00
-5.156e-01,-3.975e-01
8.835e-01,4.584e-01
-1.734e+00,1.084e+00
2.171e-01,-5.187e-01
1.670e+00,-4.881e-01
1.152e+00,-1.270e+00
9.252e-01,-7.881e-01
-9.362e-02,1.826e-01
-1.551e+00,7.708e-01
-9.807e-04,-8.714e-01
-1.979e+00,2.602e-01
1.414e+00,2.127e-01
1.588e-01,7.926e-01
-1.304e+00,8.785e-01
1.122e+00,-1.849e+00
9.342e-02,1.057e+00
-9.659e-01,1.239e+00
-5.289e-01,1.114e+00
8.935e-02,-1.008e+00
-1.337e+00,6.125e-01
1.748e+00,7.984e-01
-2.590e-01,1.887e+00
1.205e-01,-5.064e-01
5.943e-03,-5.763e-01
-7.684e-03,-4.770e-01
8.153e-01,-8.062e-01
-3.201e-01,9.761e-01
-3.538e-01,7.663e-01
5.571e-01,-1.418e+00
1.147e+00,-1.569e+00
-3.137e-01,1.319e+00
4.173e-01,9.950e-01
1.516e+00,-4.177e-01
-6.927e-01,1.428e+00
1.108e+00,-3.445e-01
-7.687e-01,-1.230e+00
1.795e+00,1.847e-01
4.243e-01,1.433e-01
-7.443e-01,1.541e+00
-3.128e-01,-1.210e+00
1.899e+00,-8.383e-01
3.676e-01,1.057e+00
1.640e-01,-1.640e-01
-7.439e-02,8.983e-01
-3.516e-02,-1.884e+00
-8.096e-01,1.240e+00
1.913e-01,8.684e-01
-1.355e+00,-6.326e-01
-4.208e-02,-6.383e-01
-1.832e+00,-2.708e-01
2.451e-01,-1.346e+00
-1.304e+00,1.174e+00
-8.514e-01,1.683e+00
-2.251e-01,4.843e-01
-1.986e+00,-2.304e-01
1.827e+00,-6.434e-01
1.537e+00,-6.402e-01
2.994e-01,5.276e-01
2.089e-02,5.087e-01
-1.500e+00,-3.159e-01
1.866e+00,-1.017e-01
-5.095e-01,-6.779e-01
9.131e-01,-8.073e-01
3.184e-01,1.223e-01
-1.976e+00,5.277e-02
1.497e+00,-1.296e-01
-4.457e-01,1.172e+00
-7.453e-01,5.360e-01
-6.697e-01,-6.572e-01
-4.336e-01,-4.646e-01
-6.168e-01,2.447e+00
-2.458e-01,-6.319e-01
5.386e-01,1.049e+00
5.955e-01,1.024e+00
-2.054e-02,-1.484e+00
-4.554e-01,5.974e-01
-1.607e+00,1.090e+00
9.683e-02,1.229e+00
1.914e-01,-1.069e+00
1.151e+00,-4.068e-02
1.521e+00,-5.555e-01
-1.231e+00,8.774e-01
5.979e-02,5.042e-01
-2.956e-01,-7.877e-01
-7.981e-01,1.721e+00
-8.370e-01,1.728e+00
5.900e-01,8.990e-01
-9.571e-01,9.264e-01
4.995e-01,-1.028e-01
1.144e+00,-6.982e-01
1.741e+00,-7.065e-01
-5.855e-01,1.505e+00
1.564e+00,-3.740e-01
-1.244e+00,1.997e+00
6.054e-01,-8.725e-01
7.087e-01,-1.742e+00
6.549e-01,-1.061e+00
-8.781e-01,2.501e-01
2.127e-01,6.511e-01
1.963e+00,-2.677e-01
-1.088e-01,1.092e+00
-1.065e+00,9.671e-01
-1.623e+00,8.162e-01
-1.928e+00,-5.386e-01
-1.026e+00,5.043e-01
3.684e-01,-1.566e+00
-1.690e+00,-3.412e-01
1.380e+00,-4.462e-01
2.100e-02,1.275e-03
1.066e+00,-9.244e-01
-1.147e+00,4.600e-01
-6.686e-01,-5.925e-01
-1.004e+00,1.075e+00
-1.621e+00,-5.385e-01
6.076e-01,-7.814e-01
5.369e-01,-1.757e+00
-9.504e-01,1.307e+00
-7.702e-01,2.134e-01
-1.244e+00,-3.221e-02
-2.571e-02,1.066e-01
4.905e-01,-5.162e-01
3.984e-01,-4.585e-01
1.442e+00,-9.858e-01
-3.101e-01,-1.133e+00
1.108e+00,6.037e-01
-2.883e-01,-4.152e-01
-2.986e-01,-1.556e+00
1.348e+00,-6.271e-01
-6.496e-01,-5.324e-01
6.901e-01,-1.519e+00
-4.438e-01,-4.549e-01
-1.363e+00,1.793e+00
-7.064e-01,2.031e+00
-5.799e-01,-2.771e-02
5.966e-01,1.210e+00
-1.674e+00,-1.701e-01
2.031e+00,-6.606e-01
-1.447e+00,-1.129e+00
1.608e+00,-8.237e-01
-2.092e-01,1.433e+00
-4.111e-01,9.536e-01
1.008e+00,-8.659e-02
-1.905e+00,4.293e-01
-1.537e+00,1.253e+00
2.719e-01,-8.025e-01
1.790e+00,-3.509e-02
-1.580e+00,7.515e-01
-1.784e+00,5.151e-02
8.584e-02,3.963e-01
4.070e-01,-1.493e+00
1.199e+00,1.388e-02
-9.436e-01,9.224e-01
1.776e+00,5.817e-02
-2.342e-01,5.405e-01
9.373e-01,-7.312e-01
1.390e+00,1.257e-01
1.966e+00,5.953e-01
-4.087e-02,5.936e-01
-3.544e-01,9.435e-01
1.431e+00,-1.303e+00
1.051e-01,1.304e+00
2.938e-01,1.991e-01
-1.890e+00,-5.827e-01
-3.865e-01,1.779e+00
-4.144e-01,4.955e-01
-4.038e-01,1.410e+00
3.615e-01,-1.962e+00
4.355e-01,2.684e-02
2.216e-01,-1.149e+00
-3.963e-01,1.950e+00
1.063e+00,-8.947e-01
-1.955e-02,5.686e-01
1.264e+00,-9.051e-01
1.854e-01,-9.004e-01
-3.886e-01,1.462e-01
1.385e+00,-7.679e-01
1.601e+00,6.567e-01
2.844e-01,-1.528e+00
8.914e-02,-8.831e-01
1.436e+00,-6.197e-01
8.549e-01,-1.781e+00
6.999e-01,-1.024e-01
-1.391e+00,2.011e+00
-1.387e-01,1.465e+00
1.849e-01,1.050e+00
-3.901e-02,1.393e+00
-1.738e+00,1.591e+00
1.953e+00,8.896e-02
1.167e+00,-1.505e+00
-1.575e+00,5.508e-01
4.755e-01,-1.832e+00
1.165e-01,-1.253e+00
4.349e-01,-2.658e+00
7.252e-01,-1.804e+00
6.417e-01,-7.683e-01
